461 Building 0400 1200 180
461 Building 0400 3200 180
461 Building 2400 0400 90
461 Building 2600 2000 270
461 Building 2600 3000 270
461 Building 4600 2000 90
461 Building 4600 3000 90
101 Fire_Hydrant 7600 800 0
475 Bench 6000 800 180
475 Bench 5600 800 180
182 StopSign 1000 4400 0
182 StopSign 1000 800 0
383 Tank 8000 2000 200
383 Tank 8000 4000 150
423 Helicopter 7000 3000 0
403 Vehicle 8400 1100 180
403 Vehicle 9000 3000 270
333 Tree 100 5000 270
333 Tree 100 6000 270
333 Tree 100 7000 270
333 Tree 100 8000 270
333 Tree 100 9000 270
333 Tree 100 9900 270
333 Tree 1200 5000 270
333 Tree 1200 6000 270
333 Tree 1200 7000 270
333 Tree 1200 8000 270
333 Tree 1200 9000 270
333 Tree 1200 9900 270
333 Tree 2200 5000 270
333 Tree 2200 6000 270
333 Tree 2200 7000 270
333 Tree 2200 8000 270
333 Tree 2200 9000 270
333 Tree 2200 9900 270
333 Tree 3200 5000 270
333 Tree 3200 6000 270
333 Tree 3200 7000 270
333 Tree 3200 8000 270
333 Tree 3200 9000 270
333 Tree 3200 9900 270
182 StopSign 9600 8100 0
182 StopSign 5900 5000 90
182 StopSign 6900 5000 90
182 StopSign 6900 7200 90
182 StopSign 7400 7400 0
240 House 5000 6000 270
240 House 5000 7800 270
240 House 6400 9200 270
240 House 8400 9200 270
101 Fire_Hydrant 5900 8200 0
475 Bench 9000 5000 180
475 Bench 8800 5200 270
333 Tree 8000 5400 270
333 Tree 9400 7600 270
333 Tree 9400 5400 270
280 Table 9000 7200 90
280 Table 8200 7200 90
