32 ConvenienceStore 14673 16629 205
32 ConvenienceStore 14673 16729 205
32 ConvenienceStore 14673 16829 205
32 ConvenienceStore 14673 16929 205
32 ConvenienceStore 14673 17029 205
32 ConvenienceStore 17378 11886 205
32 ConvenienceStore 17378 11986 205
32 ConvenienceStore 17378 12086 205
32 ConvenienceStore 17378 12186 205
32 ConvenienceStore 17378 12286 205
32 ConvenienceStore 19413 7455 205
32 ConvenienceStore 19413 7555 205
32 ConvenienceStore 19413 7655 205
32 ConvenienceStore 19413 7755 205
32 ConvenienceStore 19413 7855 205
32 ConvenienceStore 19413 7955 205
36 Apartment 16132 19146 90
36 Apartment 17142 17229 90
36 Apartment 18261 19573 90
36 Apartment 18879 17736 90
36 Apartment 20315 20197 90
36 Apartment 20666 18528 90
36 Apartment 18031 15366 90
36 Apartment 19701 15895 90
36 Apartment 21839 16947 90
36 Apartment 22892 15425 90
36 Apartment 9689 7228 90
36 Apartment 11359 8048 90
10 Building 7443 12892 20
20 OfficeBuilding 8430 9629 90
20 OfficeBuilding 9930 10224 90
36 Apartment 10661 4933 90
36 Apartment 13303 8892 90
36 Apartment 15051 9786 90
20 OfficeBuilding 14059 12215 90
36 Apartment 11005 18882 90
36 Apartment 8901 19251 90
36 Apartment 7024 19956 90
36 Apartment 5063 20929 90
36 Apartment 12704 5823 90
20 OfficeBuilding 13583 4389 90
20 OfficeBuilding 11446 3394 90
36 Apartment 12570 1799 90
36 Apartment 14166 2792 90
36 Apartment 14733 6549 90
36 Apartment 16434 7541 90
36 Apartment 16327 3572 90
36 Apartment 18063 4174 90
20 OfficeBuilding 17283 5982 90
20 OfficeBuilding 15335 5273 90
36 Apartment 947 14132 90
36 Apartment 2541 12467 90
36 Apartment 3747 10978 90
36 Apartment 593 11935 90
36 Apartment 947 10234 90
36 Apartment 4597 9242 90
36 Apartment 5554 7363 90
36 Apartment 6582 5555 90
36 Apartment 2506 8320 90
36 Apartment 4242 4671 90
20 OfficeBuilding 3995 6335 90
36 Apartment 380 7363 90
36 Apartment 1337 5450 90
36 Apartment 2294 3500 90
36 Apartment 238 2863 90
36 Apartment 1797 1056 90
36 Apartment 3712 2013 90
36 Apartment 4952 595 90
36 Apartment 5766 2863 90
36 Apartment 7504 3891 90
36 Apartment 6830 984 90
36 Apartment 8850 1516 90
2 Tree 17143 1586 90
2 Tree 17885 1941 90
2 Tree 18737 2225 90
2 Tree 19516 2615 90
2 Tree 17638 630 90
2 Tree 18417 949 90
2 Tree 19269 1197 90
2 Tree 20118 1693 90
2 Tree 20368 3252 90
2 Tree 20863 879 90
2 Tree 20013 382 90
2 Tree 22316 452 90
2 Tree 22493 949 90
2 Tree 24654 4811 90
2 Tree 24832 6689 90
2 Tree 24337 6619 90
2 Tree 24407 5662 90
19 Bench 12925 20015 90
19 Bench 13704 19553 90
19 Bench 13102 19448 90
19 Bench 13386 18986 90
19 Bench 13421 20085 90
19 Bench 11189 20475 90
19 Bench 9205 21042 90
19 Bench 6900 21856 90
19 Bench 10267 20759 90
19 Bench 7894 21503 90
19 Bench 5943 22388 90
19 Bench 4420 23027 90
19 Bench 3323 23699 90
19 Bench 2294 24479 90
9 Car 8389 14805 90
9 Car 8815 15017 90
9 Car 9310 15407 90
9 Car 8496 13955 90
9 Car 9028 14132 90
9 Car 9452 14415 90
9 Car 9807 15619 90
9 Car 10339 15868 90
2 Tree 13209 19802 90
2 Tree 13421 19271 90
2 Tree 11473 19908 90
2 Tree 10586 19980 90
2 Tree 9595 20262 90
2 Tree 8354 20617 90
2 Tree 7114 21042 90
2 Tree 6050 21431 90
2 Tree 3535 22850 90
2 Tree 2401 23417 90
2 Tree 1195 24338 90
2 Tree 310 23664 90
2 Tree 1407 22495 90
2 Tree 2578 21893 90
2 Tree 4455 22106 90
2 Tree 3640 21361 90
2 Tree 2861 20332 90
2 Tree 1727 20722 90
2 Tree 488 21466 90
2 Tree 2081 19128 90
2 Tree 983 19553 90
2 Tree 1090 18172 90
9 Car 9382 13104 90
9 Car 10055 14735 90
9 Car 10692 14982 90
9 Car 11296 15266 90
9 Car 9877 13388 90
9 Car 10409 13671 90
9 Car 10941 13990 90
9 Car 11543 14273 90
9 Car 9912 12289 90
9 Car 10374 12467 90
9 Car 10906 12784 90
9 Car 11366 13139 90
9 Car 11933 13316 90
9 Car 12217 14345 90
9 Car 7929 15726 90
9 Car 8531 16046 90
9 Car 9168 16328 90
9 Car 9630 16541 90
9 Car 3180 18065 90
9 Car 3539 18559 90
9 Car 4032 18920 90
9 Car 3747 17445 90
9 Car 4136 17989 90
9 Car 4576 18559 90
9 Car 4420 16927 90
9 Car 4808 17471 90
9 Car 5171 18221 90
9 Car 5715 18144 90
9 Car 5430 17316 90
9 Car 4964 16591 90
9 Car 8822 12732 90
0 Person 13562 17522 90
0 Person 13794 16901 90
0 Person 14442 15554 90
0 Person 14208 16176 90
0 Person 15893 13223 90
0 Person 16203 12577 90
0 Person 16435 11878 90
0 Person 16928 10996 90
0 Person 17291 9961 90
0 Person 17835 9003 90
0 Person 18379 8174 90
0 Person 18664 7371 90
0 Person 19026 6594 90
0 Person 19440 5792 90
0 Person 19880 4651 90
0 Person 19648 8665 90
0 Person 20192 7656 90
0 Person 20553 6646 90
0 Person 18249 11359 90
0 Person 15634 16176 90
0 Person 14442 18506 90
0 Person 13949 19749 90
0 Person 15115 17263 90
0 Person 7476 21251 90
0 Person 8849 21019 90
0 Person 10143 20475 90
0 Person 12681 20293 90
0 Person 6363 22235 90
0 Person 3539 22469 90
0 Person 2530 23193 90
0 Person 821 23816 90
0 Person 1726 23272 90
0 Person 7321 14829 90
0 Person 6828 14777 90
0 Person 6440 14649 90
0 Person 6880 13793 90
0 Person 6518 15191 90
0 Person 7035 15295 90
0 Person 7243 14337 90
0 Person 17394 18533 90
0 Person 15219 20190 90
0 Person 20502 17160 90
0 Person 22315 19283 90
0 Person 23092 18506 90
0 Person 23817 17781 90
0 Person 23299 16876 90
0 Person 5611 8484 90
0 Person 8356 2477 90