2 Tree 500 22500 270
2 Tree 1000 22500 270
2 Tree 1500 22500 270
2 Tree 2000 22500 270
2 Tree 2500 22500 270
2 Tree 3000 22500 270
2 Tree 500 23000 270
2 Tree 1000 23000 270
2 Tree 1500 23000 270
2 Tree 2000 23000 270
2 Tree 2500 23000 270
2 Tree 3000 23000 270
2 Tree 500 23500 270
2 Tree 1000 23500 270
2 Tree 1500 23500 270
2 Tree 2000 23500 270
2 Tree 2500 23500 270
2 Tree 3000 23500 270
2 Tree 500 24000 270
2 Tree 1000 24000 270
2 Tree 1500 24000 270
2 Tree 2000 24000 270
2 Tree 2500 24000 270
2 Tree 3000 24000 270
2 Tree 500 24500 270
2 Tree 1000 24500 270
2 Tree 1500 24500 270
2 Tree 2000 24500 270
2 Tree 2500 24500 270
2 Tree 3000 24500 270
2 Tree 6300 24700 270
46 Humvee 3000 590 180
46 Humvee 3000 2000 180
46 Humvee 3000 4000 180
46 Humvee 3000 6000 180
46 Humvee 5000 500 180
46 Humvee 5000 2000 180
46 Humvee 5000 4000 180
46 Humvee 5000 6000 180
46 Humvee 7000 500 180
46 Humvee 7000 2000 180
46 Humvee 7000 4000 180
46 Humvee 7000 6000 180
46 Humvee 9000 500 180
46 Humvee 9000 2000 180
46 Humvee 9000 4000 180
46 Humvee 9000 6000 180
46 Humvee 1000 500 180
46 Humvee 1000 2000 180
46 Humvee 1000 4000 180
46 Humvee 1000 6000 180
12 Tank 8000 8000 0
12 Tank 8000 10000 0
12 Tank 8000 12000 0
12 Tank 8000 14000 0
12 Tank 8000 16000 0
12 Tank 8000 18000 0
12 Tank 10000 8000 0
12 Tank 10000 10000 0
12 Tank 10000 12000 0
12 Tank 10000 14000 0
12 Tank 10000 16000 0
12 Tank 10000 18000 0
12 Tank 12000 8000 0
12 Tank 12000 10000 0
12 Tank 12000 12000 0
12 Tank 12000 14000 0
12 Tank 12000 16000 0
12 Tank 12000 18000 0
12 Tank 14000 8000 0
12 Tank 14000 10000 0
12 Tank 14000 12000 0
12 Tank 14000 14000 0
12 Tank 14000 16000 0
12 Tank 14000 18000 0
12 Tank 16000 8000 0
12 Tank 16000 10000 0
12 Tank 16000 12000 0
12 Tank 16000 14000 0
12 Tank 16000 16000 0
12 Tank 16000 18000 0
12 Tank 18000 8000 0
12 Tank 18000 10000 0
12 Tank 18000 12000 0
12 Tank 18000 14000 0
12 Tank 18000 16000 0
12 Tank 18000 18000 0
0 Person 14000 6000 180
0 Person 14500 6000 180
0 Person 14000 6500 180
0 Person 14500 6500 180
0 Person 14900 6000 180
17 Rifle 14000 6000 180
17 Rifle 14500 6000 180
17 Rifle 14000 6500 180
17 Rifle 14500 6500 180
17 Rifle 14900 6000 180