2 Tree 20500 2900 0
2 Tree 19500 4800 0
2 Tree 20900 4800 0
54 Swingset 20500 3800 90
51 Slide 20500 4300 90
13 Table 20000 4000 0
2 Tree 14500 250 0
2 Tree 15500 250 0
54 Swingset 15500 1500 90
51 Slide 15500 1200 90
13 Table 15000 1300 90
2 Tree 15500 3000 0
2 Tree 16500 4500 0
2 Tree 17000 6000 0
2 Tree 23500 10000 0
2 Tree 24500 10000 0
2 Tree 23500 11000 0
2 Tree 24500 11000 0
34 Kangaroo 6000 10000 0
34 Kangaroo 6300 10200 0
34 Kangaroo 5800 10500 0
34 Kangaroo 5700 9800 0
34 Kangaroo 6800 10800 0
34 Kangaroo 6500 10500 0
34 Kangaroo 7100 10300 0
34 Kangaroo 5500 10800 0
34 Kangaroo 3000 20000 0
34 Kangaroo 3300 20200 0
34 Kangaroo 2800 20500 0
34 Kangaroo 2700 19800 0
34 Kangaroo 3800 20800 0
34 Kangaroo 3500 20500 0
34 Kangaroo 4100 20300 0
34 Kangaroo 2500 20800 0
34 Kangaroo 12000 18000 0
34 Kangaroo 12300 18200 0
34 Kangaroo 11800 18500 0
34 Kangaroo 11700 17800 0
34 Kangaroo 12800 18800 0
34 Kangaroo 12500 18500 0
34 Kangaroo 13100 18300 0
34 Kangaroo 11500 18800 0
16 House 10000 500 0
16 House 11500 500 0
16 House 13000 500 0
16 House 17000 500 0
16 House 18500 500 0
16 House 20000 500 0
16 House 21500 500 0
16 House 23000 500 0
16 House 24500 500 0
16 House 10000 2000 0
16 House 11500 2000 0
16 House 13000 2000 0
16 House 17000 2000 0
16 House 18500 2000 0
16 House 20000 2000 0
16 House 21500 2000 0
16 House 23000 2000 0
16 House 24500 2000 0
16 House 10000 3500 0
16 House 11500 3500 0
16 House 13000 3500 0
16 House 14500 3500 0
16 House 17000 3500 0
16 House 18500 3500 0
16 House 21500 3500 0
16 House 23000 3500 0
16 House 24500 3500 0
16 House 11500 5000 0
16 House 13000 5000 0
16 House 14500 5000 0
16 House 16000 5000 0
16 House 18500 5000 0
16 House 21500 5000 0
16 House 23000 5000 0
16 House 20000 5500 0
16 House 21500 6500 0
16 House 23000 6500 0
16 House 24500 12500 0
16 House 24500 14000 0
16 House 24500 15500 0