16 House 7000 500 180
16 House 9000 500 180
16 House 11000 500 180
16 House 2000 500 180
16 House 3500 1000 180
16 House 5500 1500 90
16 House 7000 1500 180
16 House 9000 2000 180
16 House0 2000 2000 180
16 House 3500 2500 180
16 House 5500 3000 90
16 House 7000 3000 180
16 House 2000 4000 180
16 House 3500 4500 180
16 House 5500 5000 90
16 House 7000 4000 180
16 House 7500 10750 180
16 House 8500 11500 180
16 House 9500 12250 180
16 House 10500 12800 180
16 House 11500 13300 180
16 House 12500 13800 180
16 House 13500 14250 180
16 House 14500 14550 180
16 House 15500 14950 180
16 House 16500 15650 180
16 House 17500 16100 180
16 House 18500 16600 180
16 House 19500 17000 180
39 BasketballCourt 23200 7000 260
38 BasketballBackboard 23200 6900 260
38 BasketballBackboard 23200 7300 260
52 SoccerGoals 18700 8000 70
52 SoccerGoals 18300 8000 70
52 SoccerGoals 19100 10000 70
52 SoccerGoals 19500 10000 70
10 Building 21500 14000 120
44 GasStation 19500 13500 210
44 GasStation 18500 12900 210
32 ConvenienceStore 15600 11900 120
32 ConvenienceStore 15800 12100 120
32 ConvenienceStore 16000 12300 120
32 ConvenienceStore 16200 12500 120
32 ConvenienceStore 16400 12700 120
20 OfficeBuilding 17500 11800 35
20 OfficeBuilding 16500 11000 35
20 OfficeBuilding 15500 10800 35
55 Warehouse 24500 12900 260
55 Warehouse 23500 10500 170
20 OfficeBuilding 22000 9000 155
20 OfficeBuilding 23000 8800 155
20 OfficeBuilding 24000 8600 155
9 Car 20500 12200 140
9 Car 21000 12500 140
9 Car 21500 12800 140
9 Car 22000 13100 140
9 Car 22500 13400 140
9 Car 23000 13700 140
9 Car 21000 11500 140
9 Car 21500 11800 140
9 Car 22000 12100 140
9 Car 22500 12400 140
9 Car 23000 12700 140
2 Tree 250 24500 0 
2 Tree 1200 24500 0 
16 House 2000 24500 0 
16 House 3000 24500 0 
16 House 4000 24500 0 
16 House0 5000 24500 0 
16 House 6000 24500 0
16 House 7000 24500 0 
16 House 8000 24500 0 
16 House 9000 24500 0 
16 House 10000 24500 0 
16 House 11000 24500 0 
16 House 12000 24500 0 
16 House 13000 24500 0
16 House 14000 24500 0 
16 House 15000 24500 0 
2 Tree 19000 24500 0 
2 Tree 20000 24500 0 
2 Tree 21000 24500 0 
2 Tree 22000 24500 0 
48 Rotunda 23500 24500 0
2 Tree 24500 24500 0 
2 Tree 250 23500 0 
2 Tree 1200 23500 0 
16 House 2000 23500 0 
16 House 3000 23500 0 
16 House 4000 23500 0 
16 House0 5000 23500 0 
16 House 6000 23500 0
16 House 7000 23500 0 
16 House 8000 23500 0 
16 House 9000 23500 0 
16 House 10000 23500 0 
16 House 11000 23500 0 
16 House 12000 23500 0 
16 House 13000 23500 0
16 House 14000 23500 0 
16 House 15000 23500 0 
2 Tree 19000 23500 0 
2 Tree 20000 23500 0 
2 Tree 21000 23500 0 
2 Tree 22000 23500 0 
13 Table 22500 23500 0
13 Table 23500 23500 0
13 Table 24500 23500 0
2 Tree 250 22500 0 
2 Tree 1200 22500 0 
16 House 2000 22500 0 
16 House 3000 22500 0 
16 House 4000 22500 0 
16 House0 5000 22500 0 
16 House 6000 22500 0
16 House 7000 22500 0 
16 House 8000 22500 0 
16 House 9000 22500 0 
16 House 10000 22500 0 
16 House 11000 22500 0 
16 House 12000 22500 0 
16 House 13000 22500 0
16 House 14000 22500 0 
16 House 15000 22500 0 
16 House 16500 22500 0 
2 Tree 19000 22500 0 
2 Tree 20000 22500 0 
2 Tree 21000 22500 0 
54 Swingset 22000 22500 0
51 Slide 22500 22500 0
54 Swingset 23000 22500 0
51 Slide 23500 22500 0
54 Swingset 24000 22500 0
51 Slide 24500 22500 0
2 Tree 250 21500 0 
2 Tree 1200 21500 0 
16 House 2000 21500 0 
16 House 3000 21500 0 
16 House 4000 21500 0 
2 Tree 5300 21500 0 
54 Swingset 6000 21500 90
51 Slide 6000 21200 90
16 House 7000 21500 0 
16 House 8000 21500 0 
16 House 9000 21500 0 
16 House 10000 21500 0 
16 House 11000 21500 0 
16 House 12000 21500 0 
16 House0 13000 21500 0
16 House 14000 21500 0 
16 House 15000 21500 0 
16 House 16500 21500 0 
16 House 17500 21500 0 
2 Tree 20000 21500 0 
2 Tree 21000 21500 0 
54 Swingset 22000 21500 0
51 Slide 22500 21500 0
54 Swingset 23000 21500 0
51 Slide 23500 21500 0
54 Swingset 24000 21500 0
51 Slide 24500 21500 0
2 Tree 250 20000 0 
2 Tree 1200 20000 0 
16 House 2000 20000 0 
16 House 3500 20000 0 
16 House 5000 19500 0
2 Tree 5300 21000 0 
54 Swingset 6000 21000 90
51 Slide 6000 21800 90
16 House 7000 20000 0 
16 House 8500 20000 0 
16 House 10000 20000 0 
16 House 11500 20000 0 
16 House 13000 20000 0 
2 Tree 14000 20000 0 
2 Tree 15500 20000 0 
2 Tree 17000 20000 0 
2 Tree 21500 20000 0 
2 Tree 22500 20000 0 
10 Building 24500 20000 0
10 Building 23500 20000 0
16 House 500 18500 0 
16 House 2000 18500 0 
16 House 3500 18500 0 
16 House 5000 18500 0
16 House 7000 18500 90 
16 House0 8500 18500 0 
16 House 10000 18500 0 
16 House 11500 18500 0 
16 House 13000 18500 0 
2 Tree 14000 18500 0 
2 Tree 15500 18500 0 
2 Tree 17000 18500 0 
2 Tree 22500 18500 0 
16 House 18000 18500 0 
16 House 19500 18500 0 
16 House 500 17000 0 
16 House 2000 17000 0 
16 House 3500 17000 0 
16 House 5000 17000 90
16 House 7000 17000 0 
2 Tree 7500 17000 0
2 Tree 9000 17000 0
2 Tree 10500 17000 0  
16 House 11500 17500 0 
2 Tree 13500 17000 0 
2 Tree 15000 17000 0 
2 Tree 16500 17000 0 
16 House 18000 17500 0 
16 House 19500 17500 0 
16 House 500 15500 0 
16 House 2000 15500 0 
16 House 3500 15500 0 
16 House 5000 15500 0
2 Tree 6500 15500 0
2 Tree 8000 15500 0
2 Tree 9500 15500 0
2 Tree 11000 15500 0
2 Tree 12500 15500 0 
2 Tree 14000 15500 0 
2 Tree 15250 15500 0 
2 Tree 500 14000 0
2 Tree 2000 14000 0
2 Tree 3500 14000 0
2 Tree 5000 14000 0
2 Tree 6500 14000 0
2 Tree 8000 14000 0
2 Tree 9500 14000 0
2 Tree 11000 14000 0
2 Tree 12250 14250 0 
2 Tree 500 12750 0
2 Tree 2000 12500 0
2 Tree 3500 12500 0
2 Tree 5000 12500 0
2 Tree 6500 12500 0
2 Tree 8000 12500 0
2 Tree 3500 11000 0
2 Tree 5000 11000 0
2 Tree 6500 11000 0
2 Tree 5000 9500 0
2 Tree 6500 9750 0
2 Tree 250 1000 0
2 Tree 750 1000 0
2 Tree 250 2000 0
2 Tree 750 2000 0
2 Tree 250 3000 0
2 Tree 750 3000 0
9 Car 500 6700 140
9 Car 1000 7000 140
9 Car 1500 7300 140
9 Car 2000 7600 140
9 Car 2500 7900 140
9 Car 500 7800 140
9 Car 1000 8100 140
9 Car 1500 8400 140
9 Car 2000 8700 140
9 Car 500 8600 140
9 Car 1000 8900 140
9 Car 1500 9200 140
9 Car 500 9400 140
9 Car 1000 9700 140
9 Car 500 10200 140
10 Building 12250 3850 0
10 Building 12250 3650 0
10 Building 12250 3250 0
10 Building 12900 3850 0
13 Table 12500 3600 0
13 Table 12500 3500 0
13 Table 12500 3400 0
13 Table 12500 3300 0
13 Table 12500 3200 0
13 Table 12500 3100 0
2 Tree 12500 3550 0
2 Tree 12500 3450 0
2 Tree 12500 3350 0
2 Tree 12500 3250 0
2 Tree 12500 3150 0
10 Building 12950 3250 0
13 Table 13100 3600 0
13 Table 13100 3500 0
13 Table 13100 3400 0
13 Table 13100 3300 0
13 Table 13100 3200 0
13 Table 13100 3100 0
2 Tree 13100 3550 0
2 Tree 13100 3450 0
2 Tree 13100 3350 0
2 Tree 13100 3250 0
2 Tree 13100 3150 0
2 Tree 13800 3050 0
2 Tree 13750 3100 0
2 Tree 13300 3850 0
2 Tree 13900 3050 0
52 SoccerGoals 13800 3350 0
52 SoccerGoals 13800 3100 0
39 BasketballCourt 13600 3400 0
38 BasketballBackboard 13600 3100 0
38 BasketballBackboard 13600 3100 0
14 Boy 13550 3550 0
18 Girl 13550 0 0
14 Boy 13550 3450 0
18 Girl 13550 3400 0
14 Boy 13550 3350 0
18 Girl 13550 3300 0
14 Boy 13550 3250 0
18 Girl 13550 3200 0
14 Boy 13550 3150 0
18 Girl 13550 3100 0
14 Boy 13650 3550 0
18 Girl 13650 0 0
14 Boy 13650 3450 0
18 Girl 13650 3400 0
14 Boy 13650 3350 0
18 Girl 13650 3300 0
14 Boy 13650 3250 0
18 Girl 13650 3200 0
14 Boy 13650 3150 0
18 Girl 13650 3100 0
14 Boy 13750 3550 0
18 Girl 13750 0 0
14 Boy 13750 3450 0
18 Girl 13750 3400 0
14 Boy 13750 3350 0
18 Girl 13750 3300 0
14 Boy 13750 3250 0
18 Girl 13750 3200 0
14 Boy 13750 3150 0
18 Girl 13750 3100 0
14 Boy 13850 3550 0
18 Girl 13850 0 0
14 Boy 13850 3450 0
18 Girl 13850 3400 0
14 Boy 13850 3350 0
18 Girl 13850 3300 0
14 Boy 13850 3250 0
18 Girl 13850 3200 0
14 Boy 13850 3150 0
18 Girl 13850 3100 0
16 House 15000 5500 180
16 House 16500 5400 180
16 House 18000 5100 180
16 House 19500 4900 180
16 House 21000 4600 180
16 House 22500 4400 180
16 House 24000 4200 180
16 House 15000 6500 180
16 House 16500 6400 180
16 House 18000 6100 180
16 House 19500 5900 180
16 House 21000 5600 180
16 House 22500 5400 180
16 House 24000 5200 180
48 Rotunda 12000 8000 0
16 House 11000 6000 45
2 Tree 12000 10000 0
2 Tree 11500 9700 0
2 Tree 11000 9400 0
2 Tree 10500 9100 0
2 Tree 10000 8800 0
2 Tree 9500 8600 0
2 Tree 9000 8350 0
2 Tree 8500 8100 0
2 Tree 8000 7850 0
2 Tree 7500 7600 0
2 Tree 12500 9300 0
2 Tree 12000 9000 0
2 Tree 11500 8700 0
2 Tree 11000 8400 0
2 Tree 10500 8100 0
2 Tree 10000 7800 0
2 Tree 9500 7600 0
2 Tree 9000 7350 0
2 Tree 8500 7100 0
2 Tree 8000 6850 0
2 Tree 18000 2000 0
2 Tree 19000 2000 0
2 Tree 20000 2000 0
2 Tree 18000 1000 0
2 Tree 19000 1000 0
2 Tree 20000 1000 0
2 Tree 13500 500 0
2 Tree 12500 1500 0