55 Warehouse 6918 18357 90
55 Warehouse 7905 22384 90
2 Tree 277 21517 90
2 Tree 790 21837 90
2 Tree 936 22657 90
2 Tree 1112 23389 90
2 Tree 1405 24150 90
2 Tree 1931 24588 90
2 Tree 614 24237 90
2 Tree 439 23358 90
2 Tree 234 22481 90
2 Tree 9836 17416 90
2 Tree 11241 17475 90
2 Tree 10684 19085 90
2 Tree 12149 18792 90
2 Tree 10480 21778 90
2 Tree 10831 23535 90
2 Tree 10568 20432 90
2 Tree 13817 17562 90
2 Tree 14138 19407 90
2 Tree 12382 20519 90
2 Tree 12617 21895 90
2 Tree 13466 23008 90
34 Kangaroo 18853 4302 90
34 Kangaroo 20287 3335 90
34 Kangaroo 20052 2515 90
34 Kangaroo 20696 2691 90
2 Tree 14959 21662 90
23 Bird 5034 4711 90
2 Tree 12968 15162 90
23 Bird 5298 9248 90
23 Bird 5123 13992 90
23 Bird 7201 14254 90
34 Kangaroo 19877 11357 90
34 Kangaroo 20141 11619 90
34 Kangaroo 20434 11064 90
34 Kangaroo 19730 10976 90
34 Kangaroo 19468 11650 90
34 Kangaroo 19204 11182 90
34 Kangaroo 19233 10625 90
34 Kangaroo 18793 11561 90
34 Kangaroo 19819 2926 90
34 Kangaroo 19437 2369 90
34 Kangaroo 19291 3306 90
34 Kangaroo 19701 3687 90
55 Warehouse 3000 23500 260
55 Warehouse 2500 20000 260
55 Warehouse 2000 16500 260
55 Warehouse 1000 13000 260
20 OfficeBuilding 500 16500 350
2 Tree 10000 500 0
6 Plant 10500 500 0
2 Tree 10000 1500 0
6 Plant 10500 1500 0
2 Tree 10000 2500 0
6 Plant 10500 2500 0
2 Tree 10000 3500 0
6 Plant 10500 3500 0
2 Tree 10000 4500 0
6 Plant 10500 4500 0
2 Tree 10000 5500 0
6 Plant 10500 5500 0
2 Tree 10000 6500 0
6 Plant 10500 6500 0
2 Tree 10000 7500 0
6 Plant 10500 7500 0
2 Tree 10000 8500 0
6 Plant 10500 8500 0
2 Tree 10000 9500 0
6 Plant 10500 9500 0
2 Tree 10000 10500 0
6 Plant 10500 10500 0
2 Tree 10000 11500 0
6 Plant 10500 11500 0
2 Tree 10000 12500 0
6 Plant 10500 12500 0
2 Tree 10000 13500 0
6 Plant 10500 13500 0
2 Tree 10000 14500 0
6 Plant 10500 14500 0
2 Tree 10000 15500 0
6 Plant 10500 15500 0
2 Tree 10000 16500 0
6 Plant 10500 16500 0
2 Tree 10000 17500 0
6 Plant 10500 17500 0
2 Tree 4000 500 0
6 Plant 4500 500 0
2 Tree 4000 1500 0
6 Plant 4500 1500 0
2 Tree 4000 2500 0
6 Plant 4500 2500 0
2 Tree 4000 3500 0
6 Plant 4500 3500 0
2 Tree 4000 4500 0
6 Plant 4500 4500 0
2 Tree 4000 5500 0
6 Plant 4500 5500 0
2 Tree 4000 6500 0
6 Plant 4500 6500 0
2 Tree 4000 7500 0
6 Plant 4500 7500 0
2 Tree 4000 8500 0
6 Plant 4500 8500 0
2 Tree 4000 9500 0
6 Plant 4500 9500 0
2 Tree 4000 10500 0
6 Plant 4500 10500 0
2 Tree 4000 11500 0
6 Plant 4500 11500 0
2 Tree 4000 12500 0
6 Plant 4500 12500 0
2 Tree 4000 13500 0
6 Plant 4500 13500 0
2 Tree 4000 14500 0
6 Plant 4500 14500 0
2 Tree 7000 500 0
6 Plant 7500 500 0
2 Tree 7000 1500 0
6 Plant 7500 1500 0
2 Tree 7000 2500 0
6 Plant 7500 2500 0
2 Tree 7000 3500 0
6 Plant 7500 3500 0
2 Tree 7000 4500 0
6 Plant 7500 4500 0
2 Tree 7000 5500 0
6 Plant 7500 5500 0
2 Tree 7000 6500 0
6 Plant 7500 6500 0
2 Tree 7000 7500 0
6 Plant 7500 7500 0
2 Tree 7000 8500 0
6 Plant 7500 8500 0
2 Tree 7000 9500 0
6 Plant 7500 9500 0
2 Tree 7000 10500 0
6 Plant 7500 10500 0
2 Tree 7000 11500 0
6 Plant 7500 11500 0
2 Tree 7000 12500 0
6 Plant 7500 12500 0
2 Tree 7000 13500 0
6 Plant 7500 13500 0
2 Tree 7000 14500 0
6 Plant 7500 14500 0
2 Tree 7000 15500 0
6 Plant 7500 15500 0
34 Kangaroo 13000 22000 270
34 Kangaroo 13050 22100 270
34 Kangaroo 13025 22200 270
34 Kangaroo 13200 22100 270
34 Kangaroo 13300 22300 270
34 Kangaroo 13700 22200 270
34 Kangaroo 13500 22900 270
34 Kangaroo 13200 22800 270
34 Kangaroo 13900 22100 270