2 Tree 500 750 270
2 Tree 500 1300 270
2 Tree 1500 1300 270
2 Tree 2500 1300 270
2 Tree 3500 1300 270
34 Kangaroo 2000 900 270
34 Kangaroo 2500 200 180
34 Kangaroo 4000 700 90
34 Kangaroo 5500 400 320
34 Kangaroo 7000 300 90
34 Kangaroo 4000 700 90
34 Kangaroo 3750 500 270
34 Kangaroo 3500 300 270
34 Kangaroo 4200 200 180
34 Kangaroo 5500 300 200
34 Kangaroo 5200 400 30
34 Kangaroo 5700 300 120
34 Kangaroo 5400 500 100
34 Kangaroo 6000 300 20
2 Tree 500 50 270
2 Tree 1000 50 270
2 Tree 1500 50 270
2 Tree 2000 50 270
2 Tree 2500 50 270
2 Tree 3000 50 270
2 Tree 600 50 270
2 Tree 6500 50 270
2 Tree 8000 50 270
2 Tree 8500 50 270
2 Tree 9000 50 270
2 Tree 9500 50 270
2 Tree 10000 50 270
2 Tree 10500 50 270
2 Tree 11000 50 270
2 Tree 11500 50 270
2 Tree 12000 50 270
2 Tree 10000 1200 270
2 Tree 11000 1200 270
2 Tree 12000 1400 270
2 Tree 13000 1400 270
2 Tree 14000 1600 270
2 Tree 14000 500 270
34 Kangaroo 16000 900 270
34 Kangaroo 16500 200 180
34 Kangaroo 18000 700 90
34 Kangaroo 19500 400 320
34 Kangaroo 22000 300 90
34 Kangaroo 16000 700 90
34 Kangaroo 15750 500 270
34 Kangaroo 15500 300 270
34 Kangaroo 16200 200 180
34 Kangaroo 17500 300 200
34 Kangaroo 17200 400 30
34 Kangaroo 17700 300 120
34 Kangaroo 17400 500 100
34 Kangaroo 18000 300 20
34 Kangaroo 18000 2900 270
34 Kangaroo 18500 2200 180
34 Kangaroo 20000 2700 90
34 Kangaroo 21500 2400 320
34 Kangaroo 24000 2300 90
34 Kangaroo 18000 2700 90
34 Kangaroo 17750 2500 270
34 Kangaroo 17500 2300 270
34 Kangaroo 18200 2200 180
34 Kangaroo 19500 2300 200
34 Kangaroo 19200 2400 30
34 Kangaroo 19700 2300 120
34 Kangaroo 19400 2500 100
34 Kangaroo 20000 2300 20
16 House 500 2000 180
16 House 2000 2000 270
16 House 4000 2000 180
16 House 5500 2000 270
16 House 7000 2000 180
16 House 8500 2200 270
16 House 10000 2300 180
16 House 11500 2400 270
16 House 13000 2700 180
16 House 14500 3000 270
16 House 16000 4000 180
16 House 17500 4400 270
16 House 19000 4500 180
16 House 20500 5300 270
16 House 22000 6000 180
16 House 23500 6800 270
16 House 500 3500 180
16 House 2000 3500 270
16 House 4000 3500 180
16 House 5500 3500 270
16 House 7000 3500 180
16 House 8500 3700 270
16 House 10000 3800 180
16 House 11500 3900 270
16 House 13000 4200 180
16 House 14500 4500 270
16 House 16000 4500 180
16 House 17500 4900 270
16 House 19000 6000 180
16 House 20500 6800 270
16 House 22000 7500 180
16 House 23500 8300 270
16 House 500 5000 180
16 House 2000 5000 270
16 House 4000 5000 180
16 House 5500 5000 270
16 House 7000 5000 180
16 House 8500 5200 270
16 House 10000 5300 180
16 House 11500 5400 270
16 House 13000 5700 180
16 House 14500 6000 270
16 House 16000 6000 180
16 House 17500 6400 270
16 House 19000 7500 180
16 House 20500 8300 270
16 House 22000 9000 180
9 Car 500 7000 0
9 Car 1000 7000 90
9 Car 1500 7000 90
9 Car 500 8000 90
9 Car 1000 8000 90
9 Car 1500 8000 90
9 Car 500 9000 90
9 Car 1000 9000 90
9 Car 1500 9000 0
9 Car 500 10000 90
9 Car 1000 10000 90
32 ConvenienceStore 1500 8000 0
32 ConvenienceStore 2000 8000 0
32 ConvenienceStore 2500 8000 0
32 ConvenienceStore 3000 8000 0
32 ConvenienceStore 3500 8000 0
10 Building 6250 7850 0
10 Building 6250 7650 0
10 Building 6250 7250 0
10 Building 6900 7850 0
13 Table 6500 7600 0
13 Table 6500 7500 0
13 Table 6500 7400 0
13 Table 6500 7300 0
13 Table 6500 7200 0
13 Table 6500 7100 0
2 Tree 6500 7550 0
2 Tree 6500 7450 0
2 Tree 6500 7350 0
2 Tree 6500 7250 0
2 Tree 6500 7150 0
10 Building 6950 7250 0
13 Table 7100 7600 0
13 Table 7100 7500 0
13 Table 7100 7400 0
13 Table 7100 7300 0
13 Table 7100 7200 0
13 Table 7100 7100 0
2 Tree 7100 7550 0
2 Tree 7100 7450 0
2 Tree 7100 7350 0
2 Tree 7100 7250 0
2 Tree 7100 7150 0
2 Tree 7800 7050 0
2 Tree 7750 7100 0
2 Tree 7300 7850 0
2 Tree 7900 7050 0
52 SoccerGoals 7800 7350 0
52 SoccerGoals 7800 7100 0
39 BasketballCourt 7600 7400 0
38 BasketballBackboard 7600 7100 0
38 BasketballBackboard 7600 7100 0
14 Boy 7550 7550 0
18 Girl 7550 0 0
14 Boy 7550 7450 0
18 Girl 7550 7400 0
14 Boy 7550 7350 0
18 Girl 7550 7300 0
14 Boy 7550 7250 0
18 Girl 7550 7200 0
14 Boy 7550 7150 0
18 Girl 7550 7100 0
14 Boy 7650 7550 0
18 Girl 7650 0 0
14 Boy 7650 7450 0
18 Girl 7650 7400 0
14 Boy 7650 7350 0
18 Girl 7650 7300 0
14 Boy 7650 7250 0
18 Girl 7650 7200 0
14 Boy 7650 7150 0
18 Girl 7650 7100 0
14 Boy 7750 7550 0
18 Girl 7750 0 0
14 Boy 7750 7450 0
18 Girl 7750 7400 0
14 Boy 7750 7350 0
18 Girl 7750 7300 0
14 Boy 7750 7250 0
18 Girl 7750 7200 0
14 Boy 7750 7150 0
18 Girl 7750 7100 0
14 Boy 7850 7550 0
18 Girl 7850 0 0
14 Boy 7850 7450 0
18 Girl 7850 7400 0
14 Boy 7850 7350 0
18 Girl 7850 7300 0
14 Boy 7850 7250 0
18 Girl 7850 7200 0
14 Boy 7850 7150 0
18 Girl 7850 7100 0
2 Tree 9000 6100 270
2 Tree 9500 6200 270
2 Tree 10000 6300 270
2 Tree 10500 6500 270
2 Tree 11000 6550 270
2 Tree 11500 6700 270
2 Tree 12000 7050 270
2 Tree 12500 7600 270
2 Tree 13000 8000 270
2 Tree 13250 8500 270
2 Tree 13250 9000 270
2 Tree 13200 9400 270
2 Tree 12700 9600 270
2 Tree 12200 9900 270
2 Tree 11700 10000 270
2 Tree 11200 10100 270
2 Tree 10700 10300 270
2 Tree 10200 10500 270
2 Tree 9700 10700 270
15 Dog 10000 9050 270
15 Dog 9800 8800 270
15 Dog 10500 8950 270
15 Dog 12500 7550 270
15 Dog 9000 7050 270
15 Dog 10200 8000 270
2 Tree 16550 10300 270
54 Swwingset 16850 9750 270
51 Slide 16850 9900 270
2 Tree 16800 9000 270
54 Swwingset 3500 7300 270
51 Slide 3500 7500 270
48 Rotunda 3500 8000 0
13 Table 4000 7700 90
13 Table 4000 7200 90
2 Tree 3500 2300 0
2 Tree 3500 2800 0
2 Tree 3500 3300 0
2 Tree 3500 3800 0
2 Tree 3500 4300 0
2 Tree 3500 4800 0
2 Tree 3500 5300 0
2 Tree 3500 5800 0
2 Tree 4300 6300 0
2 Tree 4500 6800 0
2 Tree 4500 7300 0
2 Tree 4500 7800 0
2 Tree 4500 8300 0
2 Tree 4500 8800 0
2 Tree 4800 9300 0
2 Tree 5000 9800 0
2 Tree 5200 10300 0
2 Tree 5300 10800 0
2 Tree 5600 11300 0
2 Tree 5800 11800 0
2 Tree 5800 12300 0
2 Tree 5800 12800 0
2 Tree 5600 13300 0
2 Tree 5500 13800 0
2 Tree 5300 14300 0
2 Tree 5100 14800 0
2 Tree 5100 15300 0
2 Tree 4800 15800 0
2 Tree 4500 16300 0
2 Tree 4200 16800 0
2 Tree 3900 17300 0
2 Tree 3600 17800 0
2 Tree 3300 18300 0
2 Tree 3000 18800 0
2 Tree 2800 19300 0
2 Tree 2700 19800 0
2 Tree 3500 19800 0
2 Tree 4000 20000 0
2 Tree 4500 20200 0
2 Tree 5000 20200 0
2 Tree 5500 20300 0
2 Tree 2600 20300 0
2 Tree 2400 20800 0
2 Tree 2200 21300 0
2 Tree 2000 21800 0
2 Tree 1800 22300 0
2 Tree 1600 22800 0
2 Tree 1400 23300 0
2 Tree 1200 23800 0
2 Tree 1000 24300 0
2 Tree 10000 24000 0
2 Tree 9200 24000 0
2 Tree 10000 23500 0
2 Tree 9000 23500 0
2 Tree 9500 19500 0
2 Tree 10000 19500 0
2 Tree 10500 19500 0
2 Tree 11000 19500 0
2 Tree 11500 19500 0
2 Tree 12000 19500 0
2 Tree 12500 19500 0
2 Tree 13000 19500 0
2 Tree 13500 19500 0
2 Tree 14000 19500 0
2 Tree 14500 19500 0
2 Tree 15000 19500 0
2 Tree 15500 19500 0
51 Slide 15100 18750 180
54 Swwingset 15500 18750 180
54 Swwingset 16000 18750 180
51 Slide 16400 18750 180
16 House 5500 9500 270
16 House 6500 9500 270
16 House 7500 9500 270
16 House 8500 9500 270
16 House 6500 11000 0
16 House 7500 11000 0
16 House 8500 11000 0
16 House 500 12000 180
16 House 2000 12000 270
16 House 4000 12000 180
16 House 7000 12000 270
16 House 8500 12000 180
16 House 10000 11500 270
16 House 11500 10800 180
16 House 13000 10300 270
16 House 13000 7500 270
16 House 14500 8200 180
16 House 16000 8000 270
16 House 14500 9500 180
16 House 16000 9000 270
16 House 17500 9000 180
16 House 19000 10000 270
16 House 20500 10500 180
16 House 500 13500 180
16 House 2000 13500 270
16 House 4000 13500 180
16 House 7000 13500 270
16 House 8500 13500 180
16 House 10000 13000 270
16 House 11500 12300 180
16 House 13000 12300 270
16 House 14500 11000 180
16 House 16000 10500 270
16 House 17500 10500 180
16 House 19000 11500 270
16 House 20500 12000 180
16 House 500 15000 180
16 House 2000 15000 270
16 House 4000 15000 180
16 House 7000 15000 270
16 House 8500 15000 180
16 House 10000 14500 270
16 House 11500 13800 180
16 House 13000 13800 270
16 House 14500 12500 180
16 House 16000 12000 270
16 House 17500 12000 180
16 House 19000 13000 270
16 House 500 16500 180
16 House 2000 16500 270
16 House 3500 16500 180
16 House 5500 16500 0
16 House 7000 16500 270
16 House 8500 16500 180
16 House 10000 16000 270
16 House 11500 15300 180
16 House 13000 15300 270
16 House 14500 14000 180
16 House 16000 13500 270
16 House 17500 13500 180
16 House 19000 14500 270
16 House 500 18000 180
16 House 2000 18000 270
16 House 4500 18000 180
16 House 5500 18000 270
16 House 6500 18000 180
16 House 10000 17500 270
16 House 11500 16800 180
16 House 13000 16800 270
16 House 14500 15500 180
16 House 16000 15000 270
16 House 17500 15000 180
16 House 10000 18000 270
16 House 12000 18000 270
16 House 14000 18000 270
16 House0 14000 16800 270
16 House 16000 16800 270
16 House 18000 16800 270
16 House 500 19500 180
16 House 2000 19500 270
16 House 4000 19500 180
16 House 5500 19500 270
16 House 7000 19500 180
16 House 500 21000 180
16 House 500 22500 180
16 House 7000 20500 180
16 House 9000 20500 180
16 House 11000 20500 180
16 House 13000 20500 180
16 House 14500 20500 180
16 House 3500 21000 180
16 House 5500 21500 90
16 House0 7000 22000 180
16 House 9000 22000 180
16 House 11000 22000 180
16 House 13000 22000 180
16 House 3500 22500 180
16 House 5500 23000 90
16 House 7000 23500 180
16 House 12000 23500 180
16 House0 3500 24000 180
16 House 5500 24500 90