10 Building 728 7965 0
10 Building 728 7765 0
10 Building 728 7365 0
10 Building 1378 7965 0
13 Table 978 7715 0
13 Table 978 7615 0
13 Table 978 7515 0
13 Table 978 7415 0
13 Table 978 7315 0
13 Table 978 7215 0
2 Tree 978 7665 0
2 Tree 978 7565 0
2 Tree 978 7465 0
2 Tree 978 7365 0
2 Tree 978 7265 0
10 Building 1428 7365 0
13 Table 1578 7715 0
13 Table 1578 7615 0
13 Table 1578 7515 0
13 Table 1578 7415 0
13 Table 1578 7315 0
13 Table 1578 7215 0
2 Tree 1578 7665 0
2 Tree 1578 7565 0
2 Tree 1578 7465 0
2 Tree 1578 7365 0
2 Tree 1578 7265 0
2 Tree 2278 7165 0
2 Tree 2228 7215 0
2 Tree 1778 7965 0
2 Tree 2378 7165 0
52 SoccerGoals 2278 7465 0
52 SoccerGoals 2278 7215 0
39 BasketballCourt 2078 7515 0
38 BasketballBackboard 2078 7215 0
38 BasketballBackboard 2078 7215 0
14 Boy 2028 7665 0
18 Girl 2028 0 0
14 Boy 2028 7565 0
18 Girl 2028 7515 0
14 Boy 2028 7465 0
18 Girl 2028 7415 0
14 Boy 2028 7365 0
18 Girl 2028 7315 0
14 Boy 2028 7265 0
18 Girl 2028 7215 0
14 Boy 2128 7665 0
18 Girl 2128 0 0
14 Boy 2128 7565 0
18 Girl 2128 7515 0
14 Boy 2128 7465 0
18 Girl 2128 7415 0
14 Boy 2128 7365 0
18 Girl 2128 7315 0
14 Boy 2128 7265 0
18 Girl 2128 7215 0
14 Boy 2228 7665 0
18 Girl 2228 0 0
14 Boy 2228 7565 0
18 Girl 2228 7515 0
14 Boy 2228 7465 0
18 Girl 2228 7415 0
14 Boy 2228 7365 0
18 Girl 2228 7315 0
14 Boy 2228 7265 0
18 Girl 2228 7215 0
14 Boy 2328 7665 0
18 Girl 2328 0 0
14 Boy 2328 7565 0
18 Girl 2328 7515 0
14 Boy 2328 7465 0
18 Girl 2328 7415 0
14 Boy 2328 7365 0
18 Girl 2328 7315 0
14 Boy 2328 7265 0
18 Girl 2328 7215 0
10 Building 13711 1699 0
10 Building 13711 1499 0
10 Building 13711 1099 0
10 Building 14361 1699 0
13 Table 13961 1449 0
13 Table 13961 1349 0
13 Table 13961 1249 0
13 Table 13961 1149 0
13 Table 13961 1049 0
13 Table 13961 949 0
2 Tree 13961 1399 0
2 Tree 13961 1299 0
2 Tree 13961 1199 0
2 Tree 13961 1099 0
2 Tree 13961 999 0
10 Building 14411 1099 0
13 Table 14561 1449 0
13 Table 14561 1349 0
13 Table 14561 1249 0
13 Table 14561 1149 0
13 Table 14561 1049 0
13 Table 14561 949 0
2 Tree 14561 1399 0
2 Tree 14561 1299 0
2 Tree 14561 1199 0
2 Tree 14561 1099 0
2 Tree 14561 999 0
2 Tree 15261 899 0
2 Tree 15211 949 0
2 Tree 14761 1699 0
2 Tree 15361 899 0
52 SoccerGoals 15261 1199 0
52 SoccerGoals 15261 949 0
39 BasketballCourt 15061 1249 0
38 BasketballBackboard 15061 949 0
38 BasketballBackboard 15061 949 0
14 Boy 15011 1399 0
18 Girl 15011 0 0
14 Boy 15011 1299 0
18 Girl 15011 1249 0
14 Boy 15011 1199 0
18 Girl 15011 1149 0
14 Boy 15011 1099 0
18 Girl 15011 1049 0
14 Boy 15011 999 0
18 Girl 15011 949 0
14 Boy 15111 1399 0
18 Girl 15111 0 0
14 Boy 15111 1299 0
18 Girl 15111 1249 0
14 Boy 15111 1199 0
18 Girl 15111 1149 0
14 Boy 15111 1099 0
18 Girl 15111 1049 0
14 Boy 15111 999 0
18 Girl 15111 949 0
14 Boy 15211 1399 0
18 Girl 15211 0 0
14 Boy 15211 1299 0
18 Girl 15211 1249 0
14 Boy 15211 1199 0
18 Girl 15211 1149 0
14 Boy 15211 1099 0
18 Girl 15211 1049 0
14 Boy 15211 999 0
18 Girl 15211 949 0
14 Boy 15311 1399 0
18 Girl 15311 0 0
14 Boy 15311 1299 0
18 Girl 15311 1249 0
14 Boy 15311 1199 0
18 Girl 15311 1149 0
14 Boy 15311 1099 0
18 Girl 15311 1049 0
14 Boy 15311 999 0
18 Girl 15311 949 0
10 Building 14292 4749 0
10 Building 14292 4549 0
10 Building 14292 4149 0
10 Building 14942 4749 0
13 Table 14542 4499 0
13 Table 14542 4399 0
13 Table 14542 4299 0
13 Table 14542 4199 0
13 Table 14542 4099 0
13 Table 14542 3999 0
2 Tree 14542 4449 0
2 Tree 14542 4349 0
2 Tree 14542 4249 0
2 Tree 14542 4149 0
2 Tree 14542 4049 0
10 Building 14992 4149 0
13 Table 15142 4499 0
13 Table 15142 4399 0
13 Table 15142 4299 0
13 Table 15142 4199 0
13 Table 15142 4099 0
13 Table 15142 3999 0
2 Tree 15142 4449 0
2 Tree 15142 4349 0
2 Tree 15142 4249 0
2 Tree 15142 4149 0
2 Tree 15142 4049 0
2 Tree 15842 3949 0
2 Tree 15792 3999 0
2 Tree 15342 4749 0
2 Tree 15942 3949 0
52 SoccerGoals 15842 4249 0
52 SoccerGoals 15842 3999 0
39 BasketballCourt 15642 4299 0
38 BasketballBackboard 15642 3999 0
38 BasketballBackboard 15642 3999 0
14 Boy 15592 4449 0
18 Girl 15592 0 0
14 Boy 15592 4349 0
18 Girl 15592 4299 0
14 Boy 15592 4249 0
18 Girl 15592 4199 0
14 Boy 15592 4149 0
18 Girl 15592 4099 0
14 Boy 15592 4049 0
18 Girl 15592 3999 0
14 Boy 15692 4449 0
18 Girl 15692 0 0
14 Boy 15692 4349 0
18 Girl 15692 4299 0
14 Boy 15692 4249 0
18 Girl 15692 4199 0
14 Boy 15692 4149 0
18 Girl 15692 4099 0
14 Boy 15692 4049 0
18 Girl 15692 3999 0
14 Boy 15792 4449 0
18 Girl 15792 0 0
14 Boy 15792 4349 0
18 Girl 15792 4299 0
14 Boy 15792 4249 0
18 Girl 15792 4199 0
14 Boy 15792 4149 0
18 Girl 15792 4099 0
14 Boy 15792 4049 0
18 Girl 15792 3999 0
14 Boy 15892 4449 0
18 Girl 15892 0 0
14 Boy 15892 4349 0
18 Girl 15892 4299 0
14 Boy 15892 4249 0
18 Girl 15892 4199 0
14 Boy 15892 4149 0
18 Girl 15892 4099 0
14 Boy 15892 4049 0
18 Girl 15892 3999 0
10 Building 16980 12492 0
10 Building 16980 12292 0
10 Building 16980 11892 0
10 Building 17630 12492 0
13 Table 17230 12242 0
13 Table 17230 12142 0
13 Table 17230 12042 0
13 Table 17230 11942 0
13 Table 17230 11842 0
13 Table 17230 11742 0
2 Tree 17230 12192 0
2 Tree 17230 12092 0
2 Tree 17230 11992 0
2 Tree 17230 11892 0
2 Tree 17230 11792 0
10 Building 17680 11892 0
13 Table 17830 12242 0
13 Table 17830 12142 0
13 Table 17830 12042 0
13 Table 17830 11942 0
13 Table 17830 11842 0
13 Table 17830 11742 0
2 Tree 17830 12192 0
2 Tree 17830 12092 0
2 Tree 17830 11992 0
2 Tree 17830 11892 0
2 Tree 17830 11792 0
2 Tree 18530 11692 0
2 Tree 18480 11742 0
2 Tree 18030 12492 0
2 Tree 18630 11692 0
52 SoccerGoals 18530 11992 0
52 SoccerGoals 18530 11742 0
39 BasketballCourt 18330 12042 0
38 BasketballBackboard 18330 11742 0
38 BasketballBackboard 18330 11742 0
14 Boy 18280 12192 0
18 Girl 18280 0 0
14 Boy 18280 12092 0
18 Girl 18280 12042 0
14 Boy 18280 11992 0
18 Girl 18280 11942 0
14 Boy 18280 11892 0
18 Girl 18280 11842 0
14 Boy 18280 11792 0
18 Girl 18280 11742 0
14 Boy 18380 12192 0
18 Girl 18380 0 0
14 Boy 18380 12092 0
18 Girl 18380 12042 0
14 Boy 18380 11992 0
18 Girl 18380 11942 0
14 Boy 18380 11892 0
18 Girl 18380 11842 0
14 Boy 18380 11792 0
18 Girl 18380 11742 0
14 Boy 18480 12192 0
18 Girl 18480 0 0
14 Boy 18480 12092 0
18 Girl 18480 12042 0
14 Boy 18480 11992 0
18 Girl 18480 11942 0
14 Boy 18480 11892 0
18 Girl 18480 11842 0
14 Boy 18480 11792 0
18 Girl 18480 11742 0
14 Boy 18580 12192 0
18 Girl 18580 0 0
14 Boy 18580 12092 0
18 Girl 18580 12042 0
14 Boy 18580 11992 0
18 Girl 18580 11942 0
14 Boy 18580 11892 0
18 Girl 18580 11842 0
14 Boy 18580 11792 0
18 Girl 18580 11742 0
36 Apartment 7311 4768 90
36 Apartment 6608 3294 90
36 Apartment 9711 7075 90
36 Apartment 10207 9277 90
36 Apartment 10431 11578 90
20 OfficeBuilding 10879 13261 90
20 OfficeBuilding 11095 14283 90
10 Building 13670 10274 90
10 Building 13905 11796 90
20 OfficeBuilding 11299 15367 90
36 Apartment 14431 13435 90
36 Apartment 14813 15455 90
20 OfficeBuilding 14988 16860 90
20 OfficeBuilding 15164 18383 90
11 Bus 11943 12088 90
28 StopSign 11037 10010 90
28 StopSign 12968 9483 90
26 TrafficLight 12060 15835 90
26 TrafficLight 14285 16157 90
26 TrafficLight 10977 10068 90
26 TrafficLight 12880 9541 90
32 ConvenienceStore 8952 2344 180
32 ConvenienceStore 8952 2544 180
32 ConvenienceStore 8952 2744 180
32 ConvenienceStore 8952 2944 180
32 ConvenienceStore 8952 3144 180
32 ConvenienceStore 12027 18308 180
32 ConvenienceStore 12027 18508 180
32 ConvenienceStore 12027 18708 180
32 ConvenienceStore 12027 18908 180
32 ConvenienceStore 12027 19108 180
29 FireHydrant 13771 12353 90
29 FireHydrant 11406 12560 90
19 Bench 9957 5021 90
10 Building 11612 586 90
36 Apartment 12123 2066 90
36 Apartment 12311 4440 90
19 Bench 11822 3121 90
19 Bench 12989 9751 90
0 Person 9712 3949 90
0 Person 8732 334 90
0 Person 8506 5194 90
0 Person 10051 7905 90
0 Person 10466 10205 90
0 Person 11031 12464 90
0 Person 11445 13670 90
0 Person 12048 16156 90
0 Person 12086 2932 90
11 Bus 12160 8848 90
0 Person 13442 11033 90
0 Person 15025 17738 90
0 Person 12425 19433 90
29 FireHydrant 8997 1312 90
0 Person 14157 14461 90
0 Person 10466 8208 90
2 Tree 9631 5941 90
2 Tree 8313 6205 90
2 Tree 6850 6614 90
2 Tree 6762 5414 90
2 Tree 5005 5501 90
2 Tree 3454 6058 90
2 Tree 6411 4067 90
2 Tree 3132 7317 90
2 Tree 6177 2311 90
2 Tree 6879 1224 90
2 Tree 5565 4874 90
2 Tree 5382 1882 90
2 Tree 5493 2904 90
2 Tree 4981 3779 90
2 Tree 4070 4581 90
2 Tree 3777 3269 90
2 Tree 4142 2538 90
2 Tree 2938 1625 90
2 Tree 1989 676 90
2 Tree 1624 1736 90
2 Tree 2683 2940 90
2 Tree 4726 10348 90
2 Tree 5238 10312 90
2 Tree 5966 10130 90
2 Tree 1441 14364 90
2 Tree 1880 14364 90
2 Tree 2390 14143 90
2 Tree 2099 13559 90
2 Tree 1698 13487 90
2 Tree 1222 13670 90
2 Tree 1222 14071 90
2 Tree 2282 13852 90
54 Swingset 2683 22575 90
2 Tree 2828 23049 90
48 Rotunda 3303 23049 90
2 Tree 2974 22136 90
2 Tree 638 17868 90
2 Tree 456 19180 90
2 Tree 420 20530 90
2 Tree 237 21698 90
2 Tree 456 22720 90
2 Tree 566 23779 90
2 Tree 1989 19692 90
2 Tree 674 24873 90
2 Tree 3267 19581 90
2 Tree 4762 19326 90
2 Tree 5163 20530 90
2 Tree 6004 19800 90
2 Tree 4106 18231 90
2 Tree 6149 21991 90
2 Tree 6915 21552 90
2 Tree 7756 22537 90
2 Tree 8996 23414 90
2 Tree 5382 22064 90
10 Building 9981 18012 90
54 Swingset 10858 18122 90
51 Slide 10676 17940 90
2 Tree 9981 18413 90
2 Tree 10931 17392 90
2 Tree 10967 18231 90
2 Tree 9909 17538 90
48 Rotunda 22718 24546 90
54 Swingset 22134 24217 90
51 Slide 22828 23962 90
2 Tree 22026 24728 90
2 Tree 21660 23705 90
2 Tree 21843 24435 90
2 Tree 22355 23450 90
2 Tree 24470 18377 90
2 Tree 24470 17246 90
2 Tree 24287 15568 90
2 Tree 22792 14765 90
2 Tree 24143 13559 90
2 Tree 23302 12064 90
2 Tree 21550 15532 90
2 Tree 20894 14655 90
2 Tree 23266 13523 90
2 Tree 23886 14583 90
2 Tree 23047 10678 90
2 Tree 20529 13670 90
2 Tree 22062 9618 90
2 Tree 20930 7794 90
2 Tree 22098 6225 90
2 Tree 23119 4437 90
2 Tree 22901 3050 90
2 Tree 20382 8926 90
2 Tree 22391 1772 90
2 Tree 24397 4437 90
2 Tree 22208 7210 90
2 Tree 23302 5458 90
16 House 326 2102 90
16 House 396 895 90
16 House 3946 292 90
16 House 5259 328 90
16 House 6323 398 90
16 House 4514 1108 90
16 House 5615 1143 90
16 House 3768 7107 90
16 House 4656 6397 90
16 House 5792 6539 90
16 House 6466 7283 90
16 House 5047 7675 90
16 House 4016 8491 90
16 House 4479 9520 90
16 House 5615 8881 90
16 House 6678 8243 90
16 House 4442 11188 90
16 House 5402 11295 90
16 House 6608 10905 90
16 House 6821 9627 90
16 House 538 13070 90
16 House 1639 12822 90
16 House 3093 12466 90
16 House 4336 12466 90
16 House 431 11934 90
16 House 1567 11721 90
16 House 3058 11473 90
16 House 503 14525 90
16 House 431 15696 90
16 House 431 17010 90
16 House 1567 18606 90
16 House 1639 17543 90
16 House 1567 16335 90
16 House 1639 14951 90
16 House 3236 13885 90
16 House 3058 14844 90
16 House 2880 15944 90
16 House 4584 13780 90
16 House 4301 15164 90
16 House 5792 12714 90
16 House 5933 14135 90
16 House 5685 15519 90
16 House 6145 16867 90
16 House 7033 12644 90
16 House 7211 14488 90
16 House 7318 16087 90
16 House 6573 18393 90
16 House 7601 17683 90
16 House 7849 19281 90
16 House 2100 20843 90
16 House 3413 21376 90
16 House 1639 22156 90
16 House 2100 23930 90
16 House 4124 22867 90
16 House 3413 24143 90
16 House 4834 23965 90
16 House 6110 24073 90
16 House 7424 24428 90
16 House 11754 23930 90
16 House 11862 22582 90
16 House 8204 20772 90
16 House 8880 21553 90
16 House 9908 21943 90
16 House 9590 20488 90
16 House 9235 19032 90
16 House 9057 17328 90
16 House 8809 15909 90
16 House 8524 14276 90
16 House 8312 12359 90
16 House 7956 10550 90
16 House 7744 8811 90
16 House 7601 7675 90
16 House 14524 24711 90
16 House 15907 24676 90
16 House 17186 24641 90
16 House 18286 24783 90
16 House 19598 24711 90
16 House 21161 24818 90
16 House 24036 24783 90
16 House 14914 23397 90
16 House 16262 23470 90
16 House 18001 23434 90
16 House 19563 23397 90
16 House 20841 23362 90
16 House 24356 23825 90
16 House 15197 22049 90
16 House 16723 22121 90
16 House 18179 22191 90
16 House 19635 22121 90
16 House 21231 21979 90
16 House 22474 22014 90
16 House 24071 22369 90
16 House 24356 20843 90
16 House 22793 20665 90
16 House 21019 20700 90
16 House 19492 20808 90
16 House 17824 20735 90
16 House 16475 20985 90
16 House 14842 20808 90
16 House 20203 14844 90
16 House 20203 16052 90
16 House 21444 16690 90
16 House 22828 17080 90
16 House 22865 18606 90
16 House 21516 19600 90
16 House 21516 18110 90
16 House 20238 17506 90
16 House 20166 19174 90
16 House 18569 19777 90
16 House 18712 18358 90
16 House 18640 17045 90
16 House 18712 16016 90
16 House 15055 19600 90
16 House 16546 19637 90
16 House 17611 19600 90
16 House 15019 18393 90
16 House 16120 18393 90
16 House 17398 18323 90
16 House 14879 17223 90
16 House 16085 17152 90
16 House 17363 17152 90
16 House 17221 16052 90
16 House 16050 16087 90
16 House 14842 15979 90
16 House 24604 11118 90
16 House 24604 9697 90
16 House 24496 8171 90
16 House 24461 6752 90
16 House 24496 5296 90
16 House 23325 9840 90
16 House 23290 8456 90
16 House 24248 3593 90
16 House 24639 2209 90
16 House 23573 1889 90
16 House 22970 860 90
25 Cat 1852 24533 90
25 Cat 1780 22830 90
25 Cat 3876 23575 90
25 Cat 6608 24570 90
25 Cat 2490 21268 90
25 Cat 2065 17578 90
25 Cat 894 15589 90
25 Cat 10513 22262 90
25 Cat 8560 18216 90
25 Cat 6891 16690 90
25 Cat 8099 15128 90
25 Cat 5402 14666 90
25 Cat 3804 12999 90
25 Cat 5330 13177 90
25 Cat 6891 13177 90
25 Cat 7496 11508 90
25 Cat 3733 11791 90
25 Cat 2242 12182 90
25 Cat 574 13885 90
25 Cat 1922 15554 90
25 Cat 4869 8561 90
25 Cat 5862 7638 90
25 Cat 7459 11046 90
25 Cat 468 1251 90
25 Cat 148 2457 90
25 Cat 4656 328 90
25 Cat 5898 363 90
25 Cat 15339 23965 90
25 Cat 17326 23930 90
25 Cat 20343 23965 90
25 Cat 15978 22547 90
25 Cat 18640 21126 90
25 Cat 20451 21801 90
25 Cat 22012 22617 90
25 Cat 23255 22937 90
25 Cat 22615 19600 90
25 Cat 15942 20205 90
25 Cat 16688 17613 90
25 Cat 19528 18038 90
25 Cat 19740 19849 90
25 Cat 19740 16584 90
25 Cat 22084 17080 90
25 Cat 24106 8917 90
25 Cat 24213 10300 90
25 Cat 24391 6042 90
25 Cat 23503 363 90
25 Cat 24001 2812 90