22 Train 10100 8840 150
22 Train 5618 7550 160
22 Train 21281 13406 100
22 Train 21777 7960 120
22 Train 21076 7550 120
22 Train 20434 6934 120
22 Train 16364 5236 150
20 OfficeBuilding 6145 6875 90
36 Apartment 7697 13961 90
36 Apartment 4974 14137 90
40 BusStop 5971 6438 90
40 BusStop 5387 13024 90
2 Tree 4448 5441 90
2 Tree 5296 5881 90
2 Tree 6204 5472 90
2 Tree 4710 4302 90
2 Tree 5445 4738 90
2 Tree 6293 4478 90
2 Tree 4859 3394 90
2 Tree 5473 3774 90
2 Tree 6204 3569 90
2 Tree 7727 4973 90
2 Tree 7465 4038 90
2 Tree 8489 4738 90
2 Tree 8899 3861 90
2 Tree 8050 3687 90
2 Tree 4215 22686 90
2 Tree 4069 20753 90
2 Tree 3395 19964 90
2 Tree 2458 19465 90
2 Tree 3220 22861 90
2 Tree 2720 21368 90
2 Tree 2253 24326 90
2 Tree 994 23711 90
2 Tree 1961 22802 90
2 Tree 1434 21718 90
2 Tree 994 23065 90
2 Tree 1727 20725 90
2 Tree 1991 23711 90
2 Tree 20902 20079 90
2 Tree 21194 21250 90
2 Tree 21427 23183 90
20 OfficeBuilding 6907 15718 90
2 Tree 20228 24149 90
2 Tree 18822 24559 90
2 Tree 17388 24704 90
2 Tree 22190 24559 90
2 Tree 23038 23447 90
2 Tree 24062 22364 90
2 Tree 24356 24472 90
2 Tree 24707 21193 90
2 Tree 24561 19875 90
2 Tree 24677 18412 90
2 Tree 24677 16888 90
2 Tree 23447 17972 90
2 Tree 22510 19142 90
2 Tree 23537 19436 90
2 Tree 22246 20666 90
2 Tree 23329 21631 90
2 Tree 22190 22305 90
36 Apartment 3920 15484 90
36 Apartment 5709 15630 90
36 Apartment 3307 16860 90
36 Apartment 5709 17239 90
36 Apartment 2897 18236 90
36 Apartment 5591 18614 90
36 Apartment 8109 17944 90
20 OfficeBuilding 6994 16538 90
36 Apartment 642 19201 90
36 Apartment 788 16596 90
36 Apartment 1258 14371 90
36 Apartment 1930 12586 90
20 OfficeBuilding 2137 15454 90
20 OfficeBuilding 2107 16187 90
20 OfficeBuilding 2576 14722 90
36 Apartment 1140 5441 90
36 Apartment 526 7550 90
36 Apartment 1843 2983 90
36 Apartment 2690 1228 90
36 Apartment 6326 1342 90
36 Apartment 8361 957 90
36 Apartment 10255 641 90
20 OfficeBuilding 10288 4255 90
20 OfficeBuilding 10220 3272 90
20 OfficeBuilding 10920 1975 90
20 OfficeBuilding 13060 1027 90
20 OfficeBuilding 11972 3975 90
20 OfficeBuilding 13482 2956 90
20 OfficeBuilding 14954 1868 90
20 OfficeBuilding 14850 817 90
10 Building 17329 2368 90
10 Building 20563 953 90
20 OfficeBuilding 16415 756 90
20 OfficeBuilding 17940 835 90
16 House 10621 13244 90
16 House 10659 14144 90
16 House 10777 15201 90
16 House 10699 16023 90
16 House 10942 16865 90
16 House 11036 17905 90
16 House 11649 13348 90
16 House 11744 14315 90
16 House 11862 15378 90
16 House 11909 16370 90
16 House 11885 17455 90
16 House 12687 12663 90
16 House 13751 12593 90
16 House 13751 13560 90
16 House 12782 13678 90
16 House 12805 14788 90
16 House 13727 14552 90
16 House 13019 16111 90
16 House 13208 17337 90
16 House 14270 17337 90
16 House 14104 16134 90
16 House 15357 17031 90
16 House 15237 15850 90
16 House 16229 16841 90
16 House 16253 15826 90
16 House 14788 14340 90
16 House 15876 14246 90
16 House 14788 13371 90
16 House 15876 13159 90
16 House 14694 12357 90
16 House 15616 12168 90
20 OfficeBuilding 21728 15305 90
20 OfficeBuilding 21989 14234 90
20 OfficeBuilding 22274 13187 90
20 OfficeBuilding 22701 12118 90
11 Bus 7125 5410 90
11 Bus 5316 6409 150
49 ShippingContainer 16569 6556 90
49 ShippingContainer 17652 5999 90
49 ShippingContainer 18531 5414 90
49 ShippingContainer 19437 4857 90
2 Tree 11212 19349 90
2 Tree 12089 19349 90
2 Tree 13379 19144 90
2 Tree 14462 18909 90
2 Tree 15399 18880 90
2 Tree 16480 18559 90
2 Tree 11299 20461 90
2 Tree 12149 20432 90
2 Tree 13319 20197 90
25 Cat 11037 13669 90
25 Cat 11359 15866 90
25 Cat 12266 17884 90
25 Cat 13290 13113 90
25 Cat 13788 16596 90
25 Cat 15603 16450 90
25 Cat 15193 13845 90
25 Cat 15222 12440 90
2 Tree 14315 19993 90
2 Tree 15515 19993 90
2 Tree 16480 19846 90
2 Tree 16451 23067 90
2 Tree 18150 22861 90
2 Tree 19146 22539 90
2 Tree 20112 22130 90
2 Tree 17857 21720 90
2 Tree 18940 21631 90
2 Tree 19906 21251 90
2 Tree 10393 11240 90
2 Tree 11827 10829 90
2 Tree 13173 10361 90
2 Tree 14666 10039 90
2 Tree 16276 9541 90