20 OfficeBuilding 6418 9626 90
20 OfficeBuilding 5868 10828 90
20 OfficeBuilding 7307 8453 90
20 OfficeBuilding 7671 7044 90
20 OfficeBuilding 7671 5999 90
1 Airplane 10986 10201 90
1 Airplane 7381 11010 90
1 Airplane 8689 8583 90
1 Airplane 5815 12237 90
1 Airplane 8585 10227 90
1 Airplane 9185 5737 90
1 Airplane 11012 20302 90
8 Helicopter 8871 4747 90
8 Helicopter 8977 3833 90
8 Helicopter 8897 3260 90
55 Warehouse 14052 13727 320
55 Warehouse 5971 18295 70
20 OfficeBuilding 17184 11413 60
20 OfficeBuilding 16540 10682 60
32 ConvenienceStore 8694 16133 0
32 ConvenienceStore 8694 16233 0
32 ConvenienceStore 8694 16333 0
32 ConvenienceStore 8694 16433 0
32 ConvenienceStore 8694 16533 0
8 Helicopter 9192 2398 90
37 AttackHelicopter 15135 10098 90
37 AttackHelicopter 14724 8809 90
43 FighterJet 14256 11796 90
43 FighterJet 13379 12088 90
43 FighterJet 12617 12469 90
43 FighterJet 11973 12791 90
41 C17 13115 10010 90
16 House 1698 8429 90
16 House 907 7756 90
16 House 2195 6731 90
16 House 2721 5121 90
15 Dog 1669 7814 90
25 Cat 1640 6556 90
25 Cat 3367 5033 90
25 Cat 3278 4478 90
2 Tree 14784 17124 90
2 Tree 14373 16656 90
2 Tree 15428 16685 90
2 Tree 14959 15953 90
2 Tree 13963 15719 90
2 Tree 14842 14958 90
2 Tree 16130 16099 90
2 Tree 15808 15191 90
2 Tree 16891 15631 90
2 Tree 16715 14636 90
2 Tree 17828 16596 90
2 Tree 18589 17533 90
2 Tree 19233 18499 90
2 Tree 20112 17739 90
2 Tree 19643 16889 90
2 Tree 18969 16070 90
2 Tree 18267 15309 90
2 Tree 21106 17271 90
2 Tree 22101 16772 90
2 Tree 20696 16479 90
2 Tree 21428 16070 90
2 Tree 19819 15689 90
2 Tree 20814 15397 90
2 Tree 19175 14869 90
2 Tree 20112 14518 90
2 Tree 17623 14547 90
2 Tree 17623 15748 90
2 Tree 18882 14108 90
2 Tree 19701 13582 90
2 Tree 20580 13318 90
2 Tree 20170 12645 90
2 Tree 21077 12265 90
2 Tree 14637 5970 90
2 Tree 13847 6438 90
2 Tree 14607 6673 90
2 Tree 15222 7317 90
2 Tree 15750 7961 90
2 Tree 16247 8809 90
2 Tree 16833 9337 90
2 Tree 17359 9892 90
2 Tree 18121 9308 90
2 Tree 17594 8809 90
2 Tree 18472 8254 90
2 Tree 18999 8840 90
2 Tree 18999 9424 90
2 Tree 19965 9688 90
2 Tree 20374 10449 90
2 Tree 19730 8165 90
2 Tree 20316 8927 90
2 Tree 20696 9776 90
2 Tree 21135 10303 90
2 Tree 21926 9923 90
2 Tree 21546 9219 90
2 Tree 21224 8136 90
2 Tree 21428 8605 90
2 Tree 907 5150 90
2 Tree 466 4320 90
2 Tree 503 2838 90
2 Tree 2577 2209 90
2 Tree 3726 1912 90
2 Tree 4687 1580 90
2 Tree 985 1504 90
2 Tree 1873 1319 90
2 Tree 2799 1097 90
2 Tree 3762 727 90
2 Tree 4577 580 90
2 Tree 171 3689 90
2 Tree 5132 727 90
2 Tree 5725 320 90
2 Tree 5391 1358 90
2 Tree 6242 1394 90
2 Tree 1393 2765 90
2 Tree 6798 951 90
2 Tree 7056 358 90
30 Bull 3428 19684 90
30 Bull 3836 19981 90
30 Bull 3762 18945 90
30 Bull 4279 18721 90
30 Bull 3392 20537 90
30 Bull 3762 20759 90
30 Bull 4133 21017 90
30 Bull 4391 20352 90
30 Bull 4540 21203 90
30 Bull 4872 20795 90
24 Sheep 5057 19833 90
24 Sheep 5464 19796 90
24 Sheep 5057 19130 90
24 Sheep 5983 20054 90
24 Sheep 6612 20352 90
24 Sheep 6946 21129 90
24 Sheep 6095 21017 90
24 Sheep 5169 22017 90
24 Sheep 5798 21944 90
24 Sheep 6427 21907 90
24 Sheep 6983 22129 90
24 Sheep 5057 22721 90
24 Sheep 5798 22795 90
24 Sheep 6502 22758 90
24 Sheep 7095 22831 90
24 Sheep 5132 23572 90
24 Sheep 5871 23721 90
24 Sheep 6464 23684 90
24 Sheep 7168 23721 90
24 Sheep 5613 24572 90
24 Sheep 6169 24684 90
24 Sheep 6873 24535 90
24 Sheep 7539 24535 90
24 Sheep 8168 24499 90
34 Kangaroo 208 18760 90
34 Kangaroo 688 18426 90
34 Kangaroo 652 18906 90
34 Kangaroo 281 19240 90
34 Kangaroo 1022 18796 90
34 Kangaroo 1171 19389 90
34 Kangaroo 688 19313 90
34 Kangaroo 1356 18945 90
30 Bull 2429 18277 90
30 Bull 2836 17612 90
30 Bull 1985 17390 90
30 Bull 3355 17314 90
30 Bull 2392 16685 90
30 Bull 3058 16834 90
24 Sheep 2244 21758 90
24 Sheep 1800 21129 90
24 Sheep 1615 22609 90
24 Sheep 837 23460 90
24 Sheep 281 24499 90
24 Sheep 466 22314 90
24 Sheep 985 21868 90
24 Sheep 615 20981 90
24 Sheep 1503 24350 90
24 Sheep 2095 23721 90
24 Sheep 2687 23165 90
24 Sheep 2392 24313 90
24 Sheep 7797 21017 90
24 Sheep 7575 20018 90
24 Sheep 7020 19499 90
24 Sheep 7761 22017 90
24 Sheep 7872 23017 90
24 Sheep 8612 23721 90
24 Sheep 9353 24238 90
24 Sheep 9279 23128 90
24 Sheep 8426 22831 90
24 Sheep 8723 22090 90
24 Sheep 8280 21425 90
24 Sheep 16128 22831 90
24 Sheep 17646 22907 90
24 Sheep 18831 22868 90
24 Sheep 17868 22017 90
24 Sheep 16683 21203 90
24 Sheep 19904 22980 90
24 Sheep 19645 21722 90
24 Sheep 20053 20684 90
24 Sheep 13573 24165 90
24 Sheep 14981 24238 90
24 Sheep 16425 24313 90
24 Sheep 17795 24535 90
24 Sheep 19165 24423 90
24 Sheep 20645 24053 90