2 Tree 682 3912 90
48 Rotunda 1422 3205 90
54 Swingset 2030 2835 90
13 Table 2602 2633 90
51 Slide 2063 2365 90
2 Tree 851 2702 90
2 Tree 2130 1959 90
2 Tree 2165 3340 90
2 Tree 3409 2263 90
2 Tree 3242 1489 90
2 Tree 4353 1791 90
2 Tree 4655 917 90
2 Tree 5395 1287 90
2 Tree 5934 614 90
2 Tree 3746 9164 90
2 Tree 4353 9536 90
2 Tree 5060 9164 90
2 Tree 4992 8525 90
2 Tree 3781 8625 90
2 Tree 4320 8761 90
2 Tree 7248 11724 90
2 Tree 6641 11387 90
2 Tree 7417 10915 90
2 Tree 6809 10714 90
2 Tree 13005 9131 90
2 Tree 13442 10578 90
2 Tree 14688 9501 90
2 Tree 9538 14283 90
2 Tree 10615 14653 90
2 Tree 10312 12296 90
2 Tree 11489 12565 90
2 Tree 12466 13139 90
2 Tree 11859 14821 90
2 Tree 10682 13844 90
2 Tree 11624 13440 90
2 Tree 14419 1926 90
2 Tree 15867 1893 90
2 Tree 14890 882 90
2 Tree 682 14518 90
2 Tree 1289 16336 90
2 Tree 1928 17852 90
2 Tree 2870 18827 90
2 Tree 4320 19603 90
2 Tree 750 18153 90
2 Tree 1558 19603 90
2 Tree 2367 20713 90
2 Tree 3646 21150 90
2 Tree 3444 24719 90
2 Tree 2668 19973 90
2 Tree 7753 21891 90
2 Tree 8527 22902 90
2 Tree 7113 23642 90
2 Tree 8359 24114 90
2 Tree 21522 1556 90
2 Tree 18257 6371 90
2 Tree 17348 6573 90
2 Tree 17044 7752 90
2 Tree 18022 8829 90
2 Tree 18224 7683 90
2 Tree 19806 3981 90
2 Tree 19705 6067 90
2 Tree 19638 8189 90
2 Tree 18425 14451 90
2 Tree 13240 20578 90
2 Tree 14149 20208 90
2 Tree 19536 11084 90
2 Tree 19671 9805 90
2 Tree 19638 12902 90
2 Tree 19738 14484 90
2 Tree 19806 19636 90
2 Tree 19873 16874 90
2 Tree 21522 1556 90
2 Tree 21522 3556 90
2 Tree 21522 5556 90
2 Tree 21522 7556 90
2 Tree 21522 9556 90
2 Tree 21522 11556 90
2 Tree 21522 13556 90
2 Tree 21522 15556 90
2 Tree 21522 17556 90
2 Tree 21522 19556 90
2 Tree 21522 21556 90
2 Tree 21522 23556 90
2 Tree 23522 1556 90
2 Tree 23522 3556 90
2 Tree 23522 5556 90
2 Tree 23522 7556 90
2 Tree 23522 9556 90
2 Tree 23522 11556 90
2 Tree 23522 13556 90
2 Tree 23522 15556 90
2 Tree 23522 17556 90
2 Tree 23522 19556 90
2 Tree 23522 21556 90
2 Tree 23522 23556 90
10 Building 13416 16738 0
10 Building 13416 16538 0
10 Building 13416 16138 0
10 Building 14066 16738 0
13 Table 13666 16488 0
13 Table 13666 16388 0
13 Table 13666 16288 0
13 Table 13666 16188 0
13 Table 13666 16088 0
13 Table 13666 15988 0
2 Tree 13666 16438 0
2 Tree 13666 16338 0
2 Tree 13666 16238 0
2 Tree 13666 16138 0
2 Tree 13666 16038 0
10 Building 14116 16138 0
13 Table 14266 16488 0
13 Table 14266 16388 0
13 Table 14266 16288 0
13 Table 14266 16188 0
13 Table 14266 16088 0
13 Table 14266 15988 0
2 Tree 14266 16438 0
2 Tree 14266 16338 0
2 Tree 14266 16238 0
2 Tree 14266 16138 0
2 Tree 14266 16038 0
2 Tree 14966 15938 0
2 Tree 14916 15988 0
2 Tree 14466 16738 0
2 Tree 15066 15938 0
52 SoccerGoals 14966 16238 0
52 SoccerGoals 14966 15988 0
39 BasketballCourt 14766 16288 0
38 BasketballBackboard 14766 15988 0
38 BasketballBackboard 14766 15988 0
14 Boy 14716 16438 0
18 Girl 14716 0 0
14 Boy 14716 16338 0
18 Girl 14716 16288 0
14 Boy 14716 16238 0
18 Girl 14716 16188 0
14 Boy 14716 16138 0
18 Girl 14716 16088 0
14 Boy 14716 16038 0
18 Girl 14716 15988 0
14 Boy 14816 16438 0
18 Girl 14816 0 0
14 Boy 14816 16338 0
18 Girl 14816 16288 0
14 Boy 14816 16238 0
18 Girl 14816 16188 0
14 Boy 14816 16138 0
18 Girl 14816 16088 0
14 Boy 14816 16038 0
18 Girl 14816 15988 0
14 Boy 14916 16438 0
18 Girl 14916 0 0
14 Boy 14916 16338 0
18 Girl 14916 16288 0
14 Boy 14916 16238 0
18 Girl 14916 16188 0
14 Boy 14916 16138 0
18 Girl 14916 16088 0
14 Boy 14916 16038 0
18 Girl 14916 15988 0
14 Boy 15016 16438 0
18 Girl 15016 0 0
14 Boy 15016 16338 0
18 Girl 15016 16288 0
14 Boy 15016 16238 0
18 Girl 15016 16188 0
14 Boy 15016 16138 0
18 Girl 15016 16088 0
14 Boy 15016 16038 0
18 Girl 15016 15988 0
32 ConvenienceStore 15375 13446 90
32 ConvenienceStore 15375 13646 90
32 ConvenienceStore 15375 13846 90
32 ConvenienceStore 15375 14046 90
32 ConvenienceStore 15375 14246 90
20 OfficeBuilding 14209 12517 90
16 House 497 972 90
16 House 363 2135 90
16 House 1308 1344 90
16 House 2137 524 90
16 House 3342 615 90
16 House 11706 510 90
16 House 10529 476 90
16 House 9460 579 90
16 House 8181 649 90
16 House 474 5245 90
16 House 1373 4656 90
16 House 3066 3723 90
16 House 4518 2826 90
16 House 6384 1650 90
16 House 682 6731 90
16 House 2445 5591 90
16 House 3931 4692 90
16 House 5658 3689 90
16 House 577 8424 90
16 House 7248 2618 90
16 House 8837 1894 90
16 House 2306 7630 90
16 House 3687 6488 90
16 House 5207 5314 90
16 House 6729 4276 90
16 House 8664 3343 90
16 House 10254 2135 90
16 House 509 10256 90
16 House 2133 9289 90
16 House 3895 7698 90
16 House 5207 6938 90
16 House 6486 6178 90
16 House 7835 4934 90
16 House 9769 3759 90
16 House 647 11673 90
16 House 2099 10704 90
16 House 3412 10117 90
16 House 6004 8044 90
16 House 7144 7180 90
16 House 8629 6074 90
16 House 1407 13054 90
16 House 2547 12087 90
16 House 3965 11223 90
16 House 5553 10151 90
16 House 6971 8908 90
16 House 1719 14436 90
16 House 3100 13469 90
16 House 4206 12709 90
16 House 5380 11637 90
16 House 7455 9978 90
16 House 2409 15751 90
16 House 3585 14782 90
16 House 4759 13919 90
16 House 5969 12813 90
16 House 2754 17098 90
16 House 3860 15924 90
16 House 5139 15198 90
16 House 6072 14022 90
16 House 3965 17926 90
16 House 4863 16684 90
16 House 6106 15439 90
16 House 5000 18411 90
16 House 3446 23180 90
16 House 2445 24215 90
16 House 2375 22420 90
16 House 1269 24561 90
16 House 1373 23214 90
16 House 1096 21590 90
16 House 336 23801 90
16 House 197 22247 90
16 House 16197 303 90
16 House 16889 1341 90
16 House 18029 1443 90
16 House 18236 372 90
16 House 19515 545 90
16 House 19722 1650 90
16 House 19066 2999 90
16 House 17717 2929 90
16 House 18686 4312 90
16 House 18548 5591 90
16 House 17303 4519 90
16 House 16163 3482 90
16 House 13399 3136 90
16 House 14607 3655 90
16 House 15817 4865 90
16 House 12500 5209 90
16 House 13813 4692 90
16 House 14297 5867 90
16 House 15644 6212 90
16 House 15749 7560 90
16 House 14643 7664 90
16 House 12948 7077 90
16 House 11360 7250 90
16 House 11082 8424 90
16 House 12741 8147 90
16 House 13951 8770 90
16 House 15852 8770 90
16 House 13847 9876 90
16 House 14227 10531 90
16 House 12500 10049 90
16 House 11290 9841 90
16 House 10115 9944 90
16 House 10115 11084 90
16 House 11462 11154 90
16 House 16059 9737 90
16 House 17303 10636 90
16 House 17961 11361 90
16 House 18202 12743 90
16 House 16957 12226 90
16 House 18477 15646 90
16 House 18789 16925 90
16 House 18962 18306 90
16 House 18686 20622 90
16 House 19169 21797 90
16 House 15472 20449 90
16 House 17164 20449 90
16 House 11808 16786 90
16 House 12466 17824 90
16 House 13019 19137 90
16 House 10047 15887 90
16 House 10529 17546 90
16 House 11082 19171 90
16 House 11567 20588 90
16 House 9078 17064 90
16 House 9460 18964 90
16 House 10081 20691 90
16 House 8042 18895 90
16 House 8698 20484 90
16 House 9182 22004 90
16 House 10773 21935 90
16 House 12948 21797 90
16 House 14884 21797 90
16 House 16784 21833 90
16 House 18893 22973 90
16 House 17924 22108 90
16 House 10115 23318 90
16 House 11981 23214 90
16 House 13710 23007 90
16 House 15540 22973 90
16 House 17303 23455 90
16 House 18375 24631 90
16 House 16543 24354 90
16 House 14607 24388 90
16 House 12984 24561 90
16 House 10946 24527 90
25 Cat 1303 22420 90
25 Cat 1719 23974 90
25 Cat 9251 19794 90
25 Cat 11706 22213 90
25 Cat 14607 23282 90
25 Cat 16059 22247 90
25 Cat 18063 21107 90
25 Cat 9769 18031 90
25 Cat 11947 19378 90
25 Cat 18962 17616 90
25 Cat 3965 16820 90
25 Cat 1994 13089 90
25 Cat 4484 11844 90
25 Cat 6349 9703 90
25 Cat 11947 6592 90
25 Cat 6245 2688 90
25 Cat 1649 6385 90
25 Cat 8768 4899 90
25 Cat 18616 2203 90
25 Cat 14780 4899 90
25 Cat 1096 372 90
25 Cat 2306 1098 90
25 Cat 10600 1168 90
25 Cat 9735 1168 90
25 Cat 13917 7318 90
25 Cat 1130 7594 90