16 House 12764 4975 90
16 House 12822 6116 90
16 House 13144 7228 90
16 House 13144 8371 90
16 House 13437 9630 90
16 House 13612 10800 90
16 House 13963 11912 90
16 House 14138 12820 90
16 House 14402 13874 90
16 House 14666 14929 90
16 House 11505 5530 90
16 House 11505 6877 90
16 House 11651 8225 90
16 House 12588 11619 90
16 House 12997 12996 90
16 House 13290 14196 90
16 House 13379 15367 90
16 House 13057 16685 90
16 House 12031 16772 90
16 House 12002 15542 90
16 House 11798 14283 90
16 House 11417 13055 90
16 House 10977 11504 90
16 House 10655 9923 90
16 House 10187 8254 90
16 House 9836 6966 90
16 House 9747 5677 90
16 House 14462 5530 90
16 House 14666 6644 90
16 House 14930 7785 90
16 House 15075 9015 90
16 House 15721 5208 90
16 House 15779 6467 90
16 House 16012 7697 90
16 House 16072 8780 90
16 House0 16773 5062 90
16 House0 23038 4009 90
16 House0 24443 3921 90
16 House0 22951 5004 90
16 House0 24385 5092 90
16 House 16862 6438 90
16 House 17095 7581 90
16 House 17095 8576 90
16 House 18179 4946 90
16 House 19408 5033 90
16 House 18209 6292 90
16 House 19555 6176 90
16 House 20727 6292 90
16 House 22043 6145 90
16 House 23069 6176 90
16 House 24561 5941 90
16 House 18385 7581 90
16 House 19701 7521 90
16 House 20931 7550 90
16 House 22101 7434 90
16 House 23156 7317 90
16 House 24385 7375 90
16 House 18472 8518 90
16 House 19759 8518 90
16 House 21077 9015 90
16 House 22161 8927 90
16 House 23244 8576 90
16 House 24414 8283 90
16 House 22716 21485 90
16 House 23859 22393 90
16 House 24590 23564 90
16 House 23244 23769 90
16 House 22951 24881 90
16 House 11563 18090 90
16 House 11885 19231 90
16 House 13086 19231 90
16 House 14695 18967 90
16 House 15135 20022 90
16 House 13348 20403 90
16 House 12031 20637 90
16 House 12851 21662 90
16 House 14109 21340 90
16 House 15368 21105 90
16 House 13144 22861 90
16 House 14285 22510 90
16 House 15486 22422 90
16 House 4830 20051 90
16 House 5298 21309 90
16 House 5796 24588 90
16 House 4537 23418 90
16 House 3718 22277 90
16 House 2985 20841 90
16 House 1347 19700 90
16 House 1054 21427 90
16 House 1991 22599 90
16 House 2898 23711 90
16 House 292 18266 90
16 House 3689 24706 90
16 House 790 22861 90
16 House 2108 24266 90
25 Cat 2459 21924 90
25 Cat 4566 24413 90
25 Cat 468 19993 90
25 Cat 12207 13669 90
25 Cat 13173 12234 90
25 Cat 11299 9044 90
25 Cat 12324 7463 90
25 Cat 10684 6467 90
25 Cat 12060 5208 90
25 Cat 12558 16070 90
16 House 23390 23125 90
25 Cat 22834 24150 90
25 Cat 24561 22832 90
25 Cat 16159 5561 90
25 Cat 19057 7872 90
25 Cat 15515 8225 90
25 Cat 21546 6789 90
25 Cat 21399 8312 90
25 Cat 22951 9219 90
25 Cat 23917 6556 90
25 Cat 23859 4682 90
25 Cat 19146 6820 90
36 Apartment 7727 6789 90
36 Apartment 8080 8693 90
36 Apartment 8489 10420 90
11 Bus 8098 18042 90
36 Apartment 9322 13580 90
36 Apartment 9555 15154 90
29 FireHydrant 9758 16671 90
26 TrafficLight 4890 6145 90
29 FireHydrant 9555 16204 90
26 TrafficLight 4627 4920 90
26 TrafficLight 6493 4454 90
26 TrafficLight 6639 5650 90
26 TrafficLight 7835 18332 90
26 TrafficLight 9613 17779 90
32 ConvenienceStore 8272 22877 180
32 ConvenienceStore 8272 23077 180
32 ConvenienceStore 8272 23377 180
32 ConvenienceStore 8272 23577 180
32 ConvenienceStore 8272 23777 180
10 Building 10401 17982 90
10 Building 7019 19762 90
29 FireHydrant 7193 20695 90
19 Bench 7222 18770 90
19 Bench 9847 17370 90
11 Bus 9351 20607 90
29 FireHydrant 10430 19149 90
10 Building 10808 20490 90
11 Bus 8418 14951 90
26 TrafficLight 7456 16262 90
01 Person 10196 16116 90
01 Person 6902 19004 90
01 Person 10313 19877 90
01 Person 9672 12676 90
01 Person 7923 20898 90
01 Person 11158 19731 90
01 Person 7777 20140 90
01 Person 9818 18798 90
01 Person 9672 17399 90
29 FireHydrant 10371 21831 90
10 Building 10954 22123 90
29 FireHydrant 11217 23697 90
29 FireHydrant 11275 24630 90
19 Bench 8069 21365 90
19 Bench 10401 21511 90
01 Person 8184 22064 90
01 Person 8825 24542 90
01 Person 8447 22910 90
01 Person 8330 22444 90
01 Person 8710 24193 90
55 Warehouse 2000 4500 350
29 FireHydrant 500 2000 350
29 FireHydrant 500 500 350
9 Car 6880 490 90
9 Car 7473 525 90
9 Car 8172 490 90
9 Car 8765 454 90
9 Car 9429 454 90
9 Car 10160 525 90
9 Car 10790 560 90
9 Car 6915 1502 90
9 Car 7508 1502 90
9 Car 8206 1362 90
9 Car 8799 1293 90
9 Car 9429 1258 90
9 Car 10160 1362 90
9 Car 10790 1537 90
9 Car 6915 2410 90
9 Car 7579 2410 90
9 Car 8346 2270 90
9 Car 8905 2201 90
9 Car 9463 2201 90
9 Car 10266 2201 90
9 Car 10893 2166 90
29 FireHydrant 1538 2514 90
2 Tree 1835 271 90
2 Tree 2971 271 90
2 Tree 2385 1200 90
2 Tree 3144 1171 90
2 Tree 3251 2165 90
2 Tree 2322 521 90
2 Tree 6822 3829 90
2 Tree 7846 3639 90
2 Tree 8811 3394 90
2 Tree 9953 3188 90
2 Tree 11037 2897 90
2 Tree 16773 2165 90
2 Tree 17639 1966 90
2 Tree 17675 1153 90
2 Tree 17675 376 90
2 Tree 13203 2816 90
2 Tree 12980 1781 90
2 Tree 12758 1041 90
2 Tree 13683 4924 90
2 Tree 13610 5700 90
2 Tree 13756 6475 90
2 Tree 13978 7326 90
2 Tree 14163 8249 90
2 Tree 14386 9471 90
2 Tree 14829 10432 90
2 Tree 15458 11355 90
2 Tree 16122 11910 90
2 Tree 16899 12650 90
2 Tree 17490 13427 90
2 Tree 17897 14571 90
2 Tree 17159 11652 90
2 Tree 18045 12575 90
2 Tree 18637 13612 90
2 Tree 19080 14683 90
2 Tree 18303 15681 90
2 Tree 19932 13536 90
2 Tree 14793 17567 90
2 Tree 16492 16716 90
2 Tree 14754 15902 90
54 Swingset 14238 17161 90
13 Table 13941 17419 90
48 Rotunda 14978 16901 90
51 Slide 14201 16606 90
13 Table 13165 18047 90
15 Dog 14238 16236 90
2 Tree 11059 16754 90
2 Tree 11760 17307 90
2 Tree 12612 17825 90
2 Tree 13831 18195 90
2 Tree 16344 15163 90
2 Tree 13831 15902 90
2 Tree 16862 18305 90
2 Tree 17010 20118 90
2 Tree 17935 19527 90
2 Tree 18230 18010 90
2 Tree 22222 22964 90
2 Tree 21373 22188 90
2 Tree 21373 21411 90
2 Tree 19228 12059 90
2 Tree 12795 24481 90
2 Tree 13831 24554 90
2 Tree 14939 24517 90
2 Tree 16234 24554 90
2 Tree 17490 24221 90
2 Tree 17565 21818 90
2 Tree 17712 23186 90
2 Tree 18157 20895 90
2 Tree 15901 13906 90
2 Tree 18488 16827 90
2 Tree 19228 12981 90
2 Tree 21928 20562 90
2 Tree 23147 20635 90
2 Tree 23997 21078 90
2 Tree 24774 21560 90
2 Tree 23257 18712 90
2 Tree 23812 17197 90
2 Tree 22298 19600 90
2 Tree 24182 15201 90
2 Tree 24294 13536 90
2 Tree 11945 10432 90
2 Tree 12758 10136 90
2 Tree 12536 9286 90
2 Tree 11723 9432 90
13 Table 11982 9729 90
13 Table 12427 10062 90
11 Bush 7953 10024 90
2 Tree 9247 11725 90
2 Tree 9247 12390 90
2 Tree 8729 12390 90
2 Tree 8656 11762 90
11 Bush 8951 12095 90
11 Building 6548 23704 90
2 Tree 6066 23186 90
2 Tree 6918 22891 90
2 Tree 6585 22224 90
2 Tree 5808 22558 90
2 Tree 1743 24590 90
2 Tree 448 23851 90
2 Tree 7249 17937 90
2 Tree 5956 18529 90
2 Tree 6290 17640 90
2 Tree 7103 17012 90
2 Tree 6696 16163 90
2 Tree 6141 16864 90
2 Tree 5698 17752 90
2 Tree 5180 18639 90
2 Tree 6843 15274 90
2 Tree 5180 17086 90
2 Tree 4847 17899 90
2 Tree 5845 16272 90
2 Tree 6030 15496 90
2 Tree 6658 14571 90
15 Dog 1594 12538 90
15 Dog 1964 12502 90
15 Dog 1409 11725 90
15 Dog 1926 11837 90
