2 Tree 13000 2000 0
2 Tree 12000 2200 0
2 Tree 11000 2400 0
2 Tree 10000 2600 0
2 Tree 9000 2800 0
2 Tree 8000 3200 0
2 Tree 7000 3600 0
2 Tree 6000 4200 0
2 Tree 5000 4800 0
2 Tree 4000 5400 0
2 Tree 3000 6000 0
2 Tree 2800 7000 0
2 Tree 2600 8000 0
2 Tree 2500 9000 0
2 Tree 2400 10000 0
2 Tree 2400 11000 0
2 Tree 2400 12000 0
2 Tree 2400 13000 0
37 AttackHelicopter 10000 11000 180
37 AttackHelicopter 10000 13000 180
37 AttackHelicopter 10000 15000 180
37 AttackHelicopter 10000 17000 180
37 AttackHelicopter 10000 19000 180
37 AttackHelicopter 12000 11000 180
37 AttackHelicopter 12000 13000 180
37 AttackHelicopter 12000 15000 180
37 AttackHelicopter 12000 17000 180
37 AttackHelicopter 12000 19000 180
37 AttackHelicopter 14000 11000 180
37 AttackHelicopter 14000 13000 180
37 AttackHelicopter 14000 15000 180
37 AttackHelicopter 14000 17000 180
37 AttackHelicopter 14000 19000 180
46 Humvee 3000 21000 180
46 Humvee 3000 23000 180
46 Humvee 5000 21000 180
46 Humvee 5000 23000 180
46 Humvee 7000 21000 180
46 Humvee 7000 23000 180
46 Humvee 9000 21000 180
46 Humvee 9000 23000 180
46 Humvee 1000 21000 180
46 Humvee 1000 23000 180