54 Swingset 14695 3452 90
51 Slide 14813 3834 90
48 Rotunda 15310 3159 90
13 Table 15281 3803 90
54 Swingset 14227 3394 90
13 Table 14988 4096 90
15 Dog 14080 4038 90
15 Dog 15193 2457 90
2 Tree 12002 4770 90
2 Tree 13202 4448 90
2 Tree 15515 4156 90
2 Tree 15106 2340 90
2 Tree 16529 2743 90
2 Tree 17743 2361 90
2 Tree 18994 2084 90
2 Tree 13924 3161 90
2 Tree 20244 1910 90
2 Tree 21459 2084 90
2 Tree 22640 1215 90
2 Tree 21806 799 90
2 Tree 7778 9723 90
2 Tree 7881 10730 90
2 Tree 8124 11703 90
2 Tree 8297 13057 90
2 Tree 8750 14168 90
2 Tree 7812 15106 90
2 Tree 6457 15940 90
2 Tree 5450 16357 90
2 Tree 4166 16981 90
2 Tree 2985 17537 90
2 Tree 1666 17989 90
2 Tree 3367 15175 90
2 Tree 866 14967 90
2 Tree 242 15106 90
54 Swingset 3507 13960 90
51 Slide 3644 13647 90
15 Dog 3893 13845 90
2 Tree 4595 13318 90
2 Tree 4712 13904 90
2 Tree 3307 13464 90
2 Tree 2868 8869 90
2 Tree 2546 7932 90
2 Tree 2459 7053 90
2 Tree 2224 5970 90
2 Tree 1844 8898 90
2 Tree 1551 7932 90
2 Tree 1287 6906 90
2 Tree 1025 6029 90
2 Tree 1898 1667 90
10 Building 2749 892 90
54 Swingset 1667 892 90
51 Slide 2207 1086 90
2 Tree 582 582 90
2 Tree 622 1201 90
2 Tree 3639 1433 90
2 Tree 2633 1705 90
2 Tree 16853 5334 90
2 Tree 17393 5836 90
2 Tree 16891 5796 90
54 Swingset 16274 9573 90
51 Slide 16429 9918 90
2 Tree 16043 10227 90
2 Tree 16931 10034 90
2 Tree 15813 8956 90
13 Table 16545 9573 90
2 Tree 15851 9765 90
2 Tree 4949 20244 90
2 Tree 8956 18664 90
2 Tree 8647 22593 90
2 Tree 14118 21245 90
2 Tree 16776 15774 90
2 Tree 22169 14040 90
2 Tree 20705 22400 90
2 Tree 2676 23902 90
2 Tree 15003 23863 90
36 Apartment 953 2922 90
36 Apartment 3190 2495 90
36 Apartment 5416 2106 90
36 Apartment 7736 1605 90
36 Apartment 9831 716 90
16 House 5043 493 90
16 House 6630 353 90
16 House 7970 353 90
36 Apartment 6323 9984 90
36 Apartment 4321 10385 90
36 Apartment 9179 9589 90
36 Apartment 2382 10669 90
36 Apartment 461 10955 90
36 Apartment 11280 9549 90
16 House 3712 5880 90
16 House 3657 7218 90
16 House 3879 8549 90
16 House 5299 8361 90
16 House 5182 7002 90
16 House 5078 5640 90
16 House 6831 7987 90
16 House 6592 6541 90
16 House 6435 5100 90
16 House 8139 7691 90
16 House 7990 6330 90
16 House 7920 4901 90
16 House 9340 4603 90
16 House 10907 3988 90
16 House 12077 3169 90
16 House 13034 2405 90
16 House 14180 1171 90
16 House 14917 271 90
16 House 15409 1373 90
16 House 16408 409 90
16 House 16659 1722 90
16 House 17738 326 90
16 House 17878 1344 90
16 House 18871 271 90
16 House 19021 1200 90
16 House 20161 886 90
16 House 20989 187 90
16 House 24759 271 90
16 House 23703 385 90
16 House 24652 1700 90
16 House 23376 2101 90
16 House 24544 3269 90
16 House 23230 3670 90
16 House 21660 3596 90
16 House 20127 3377 90
16 House 18813 3377 90
16 House 17208 3596 90
16 House 16222 4946 90
16 House 14836 5239 90
16 House 13375 5605 90
16 House 12135 5677 90
16 House 10712 5605 90
16 House 9179 6042 90
16 House 9434 7318 90
16 House 10712 7100 90
16 House 11952 7027 90
16 House 13339 6809 90
16 House 14653 6516 90
16 House 15931 6078 90
16 House 18157 4656 90
16 House 19618 4656 90
16 House 21040 4545 90
16 House 22208 4764 90
16 House 23924 4692 90
16 House 9981 8268 90
16 House 11442 8049 90
16 House 12865 8013 90
16 House 14216 8049 90
16 House 15711 7501 90
16 House 17025 6955 90
16 House 18741 5968 90
16 House 20420 5749 90
16 House 21696 5749 90
16 House 23193 5567 90
16 House 24690 5422 90
16 House 12865 9728 90
16 House 14362 9582 90
16 House 16879 8342 90
16 House 18084 7465 90
16 House 19618 6881 90
16 House 20894 7100 90
16 House 22244 6773 90
16 House 23924 6590 90
16 House 17866 8743 90
16 House 19142 8342 90
16 House 20382 8231 90
16 House 21843 7977 90
16 House 23047 7684 90
16 House 566 12355 90
16 House 1880 12283 90
16 House 3229 11954 90
16 House 4471 11807 90
16 House 5822 11627 90
16 House 7208 11298 90
16 House 9107 10969 90
16 House 10676 10896 90
16 House 12099 11043 90
16 House 13413 11005 90
16 House 14908 10678 90
16 House 18229 9875 90
16 House 19618 9692 90
16 House 20930 9181 90
16 House 602 13816 90
16 House 2025 13780 90
16 House 5639 13158 90
16 House 7062 12867 90
16 House 9143 12211 90
16 House 10457 12173 90
16 House 11988 12247 90
16 House 13704 12100 90
16 House 15237 11845 90
16 House 16842 11223 90
16 House 18486 11005 90
16 House 2061 14910 90
16 House 383 16116 90
16 House 456 17611 90
16 House 1698 16553 90
16 House 2938 16152 90
16 House 4507 15568 90
16 House 5785 14765 90
16 House 7172 14143 90
16 House 9544 13924 90
16 House 11222 13451 90
16 House 13048 13196 90
16 House 14543 12831 90
25 Cat 857 16625 90
25 Cat 4579 14837 90
25 Cat 1186 13268 90
25 Cat 5310 12247 90
25 Cat 6040 7429 90
25 Cat 4288 6662 90
25 Cat 7463 7356 90
25 Cat 7499 5312 90
25 Cat 8705 6809 90
25 Cat 10018 5021 90
25 Cat 11478 11552 90
25 Cat 13557 8707 90
25 Cat 14141 5530 90
25 Cat 18522 9217 90
25 Cat 17938 3815 90
25 Cat 21295 5932 90
25 Cat 22463 5932 90
25 Cat 23011 2647 90
25 Cat 24508 4144 90
25 Cat 17061 787 90
25 Cat 13959 2209 90
25 Cat 11697 3815 90