50 Silo 12000 24000 0
49 ShippingContainer 11000 24500 90
49 ShippingContainer 11000 24000 90
20 OfficeBuilding 16400 24500 80
20 OfficeBuilding 16300 23500 80
20 OfficeBuilding 16200 22500 80
20 OfficeBuilding 16100 21500 80
42 Factory_v1 15100 18500 170
50 Silo 14100 18500 0
50 Silo 14000 17500 0
50 Silo 13900 16500 0
50 Silo 13800 15500 0
49 ShippingContainer 13100 17000 90
49 ShippingContainer 13000 16500 90
49 ShippingContainer 12900 16000 90
49 ShippingContainer 12800 15500 90
42 Factory 14800 12500 80
50 Silo 13100 13250 0
50 Silo 13050 11900 0
20 OfficeBuilding 14000 10000 80
20 OfficeBuilding 13900 9000 80
20 OfficeBuilding 13800 8000 80
20 OfficeBuilding 13700 7000 80
20 OfficeBuilding 13600 7000 80
44 Warehouse 13600 5000 350
44 Warehouse 13000 3000 350
20 OfficeBuilding 12800 1500 80
3 Tower 12700 500 0
20 OfficeBuilding 20600 24000 80
20 OfficeBuilding 20500 23000 80
20 OfficeBuilding 20400 22000 80
20 OfficeBuilding 20300 21000 80
20 OfficeBuilding 20200 20000 80
20 OfficeBuilding 20100 19000 80
44 Warehouse 18500 22000 350
44 Warehouse 18250 20000 350
44 Warehouse 20500 17000 350
49 ShippingContainer 19500 15500 80
49 ShippingContainer 19400 14750 80
49 ShippingContainer 19300 14000 80
49 ShippingContainer 19200 13250 80
49 ShippingContainer 21000 15500 80
49 ShippingContainer 20900 14750 80
49 ShippingContainer 20800 14000 80
49 ShippingContainer 20700 13250 80
20 OfficeBuilding 17000 18000 80
20 OfficeBuilding 18500 17800 80
20 OfficeBuilding 18500 16800 350
20 OfficeBuilding 18300 15300 350
20 OfficeBuilding 17600 14300 80
44 GasStation 17000 13250 80
44 GasStation 22500 12750 80
20 OfficeBuilding 17000 11320 350
20 OfficeBuilding 18000 11320 350
20 OfficeBuilding 19000 11320 350
20 OfficeBuilding 20000 11320 350
44 Warehouse 18250 9330 350
44 Warehouse 18000 7330 350
20 OfficeBuilding 16000 5200 350
20 OfficeBuilding 17000 5000 350
20 OfficeBuilding 18000 4800 350
20 OfficeBuilding 19000 4600 350
20 OfficeBuilding 20000 4400 350
44 Warehouse 19000 2000 80
20 OfficeBuilding 15000 3000 350
20 OfficeBuilding 16000 2800 350
20 OfficeBuilding 17000 2700 350
20 OfficeBuilding 15000 1500 350
20 OfficeBuilding 16000 1300 350
20 OfficeBuilding 17000 1000 350
44 Warehouse 23000 23500 260
42 Factory 24000 17500 260
20 OfficeBuilding 22000 14500 350
20 OfficeBuilding 23000 14500 350
20 OfficeBuilding 24000 14500 350
44 Warehouse 22000 11000 350
49 ShippingContainer 24000 8500 80
49 ShippingContainer 23800 7750 80
49 ShippingContainer 23600 7000 80
49 ShippingContainer 23400 6250 80
20 OfficeBuilding 22000 8500 80
20 OfficeBuilding 21800 7500 80
20 OfficeBuilding 21600 6500 80
20 OfficeBuilding 21400 5500 80
20 OfficeBuilding 21200 4500 80
20 OfficeBuilding 21000 3500 80
20 OfficeBuilding 20800 2500 80
20 OfficeBuilding 20600 1500 80
20 OfficeBuilding 23200 4500 80
20 OfficeBuilding 23000 3500 80
20 OfficeBuilding 22800 2500 80
20 OfficeBuilding 22600 1500 80
16 House 2000 9000 80
16 House 2500 14000 80
2 Tree 500 500 0
2 Tree 500 1500 0
2 Tree 500 2500 0
2 Tree 500 3500 0
2 Tree 500 4500 0
2 Tree 500 5500 0
2 Tree 500 6500 0
2 Tree 500 7500 0
2 Tree 500 8500 0
2 Tree 1000 9500 0
2 Tree 1200 10500 0
2 Tree 1500 11500 0
2 Tree 1700 12500 0
2 Tree 1900 13500 0
2 Tree 2100 14500 0
2 Tree 2300 15500 0
2 Tree 2700 16500 0
2 Tree 2900 17500 0
2 Tree 3100 18500 0
2 Tree 3300 19500 0
2 Tree 3500 20500 0
2 Tree 3500 21500 0
2 Tree 3700 22500 0
2 Tree 3900 23500 0
2 Tree 4100 24500 0
2 Tree 5100 24500 0
2 Tree 6100 24500 0
2 Tree 7100 24500 0
2 Tree 8000 24500 0
2 Tree 5100 23500 0
2 Tree 6100 23500 0
2 Tree 7100 23500 0
2 Tree 8000 23500 0
2 Tree 9000 24000 0
2 Tree 10000 23500 0
2 Tree 11000 23000 0
2 Tree 12000 22500 0
2 Tree 12800 21800 0
2 Tree 9000 23000 0
2 Tree 10000 22500 0
2 Tree 11000 22000 0
2 Tree 12000 21500 0
2 Tree 12800 20800 0
2 Tree 6000 22500 0
2 Tree 7000 22500 0
2 Tree 6200 21500 0
2 Tree 7200 21500 0
2 Tree 6400 20500 0
2 Tree 7400 20500 0
2 Tree 6600 19500 0
2 Tree 7600 19500 0
2 Tree 6800 18500 0
2 Tree 7800 18500 0
2 Tree 7000 17500 0
2 Tree 8000 17500 0
2 Tree 12500 19500 0
2 Tree 12300 18500 0
2 Tree 12100 17500 0
2 Tree 11900 16500 0
2 Tree 11700 15500 0
2 Tree 11500 14500 0
2 Tree 11300 13500 0
2 Tree 11100 12500 0
2 Tree 10900 11500 0
2 Tree 10700 10500 0
2 Tree 10500 9500 0
2 Tree 10300 8500 0
2 Tree 10100 7500 0
2 Tree 9900 6500 0
2 Tree 9700 5500 0
2 Tree 9500 4500 0
2 Tree 9700 3500 0
2 Tree 9500 2500 0
2 Tree 9300 1500 0
2 Tree 9100 500 0
2 Tree 11500 19500 0
2 Tree 11300 18500 0
2 Tree 11100 17500 0
2 Tree 10900 16500 0
2 Tree 10700 15500 0
2 Tree 10500 14500 0
2 Tree 10300 13500 0
2 Tree 10100 12500 0
2 Tree 9900 11500 0
2 Tree 9700 10500 0
2 Tree 9500 9500 0
2 Tree 9300 8500 0
2 Tree 9100 7500 0
2 Tree 8900 6500 0
2 Tree 8700 5500 0
2 Tree 8500 4500 0
2 Tree 8700 3500 0
2 Tree 8500 2500 0
2 Tree 8300 1500 0
2 Tree 8100 500 0
2 Tree 7000 500 0
2 Tree 6000 500 0
2 Tree 5000 500 0
2 Tree 4000 500 0
2 Tree 3000 500 0
2 Tree 2000 500 0
2 Tree 7000 1500 0
2 Tree 6000 1500 0
2 Tree 5000 1500 0
2 Tree 4000 1500 0
2 Tree 3000 1500 0
2 Tree 2000 1500 0
2 Tree 2500 12000 0
2 Tree 3500 11800 80
2 Tree 4500 11600 80
2 Tree 5500 11400 80
2 Tree 6500 11200 80
2 Tree 7500 11000 80
2 Tree 8500 10800 80
2 Tree 2500 12000 0
2 Tree 3500 11800 80
2 Tree 4500 11600 80
2 Tree 5500 11400 80
2 Tree 6500 11200 80
2 Tree 7500 11000 80
2 Tree 8500 10800 80
2 Tree 2500 11000 0
2 Tree 3500 10800 80
2 Tree 4500 10600 80
2 Tree 5500 10400 80
2 Tree 6500 10200 80
2 Tree 7500 10000 80
2 Tree 8500 9800 80
2 Tree 20200 9200 80
2 Tree 21200 9200 80
2 Tree 20500 10000 80
2 Tree 21200 10000 80
2 Tree 22000 21500 80
2 Tree 22000 20500 80
2 Tree 23000 21500 80
2 Tree 23000 20500 80
2 Tree 24000 21500 80
2 Tree 24000 20500 80
2 Tree 24000 22500 80
2 Tree 24500 23500 80
2 Tree 17500 23500 80
2 Tree 18500 23300 80
2 Tree 19500 23000 80
2 Tree 17500 24500 80
2 Tree 18500 24300 80
2 Tree 19500 24000 80