38 BasketballBackboard 12825 2165 90
38 BasketballBackboard 13225 2165 90
39 BasketballCourt 10225 2165 90
2 Tree 9372 716 90
2 Tree 8297 521 90
2 Tree 8096 1839 90
2 Tree 7545 2984 90
2 Tree 5978 3988 90
2 Tree 4359 5167 90
2 Tree 6542 2314 90
2 Tree 6678 915 90
2 Tree 3483 1373 90
2 Tree 3543 409 90
2 Tree 11636 6365 90
2 Tree 11045 5674 90
2 Tree 4888 10791 90
2 Tree 4656 9944 90
2 Tree 12379 3107 90
2 Tree 12381 2284 90
2 Tree 13426 4376 90
2 Tree 14511 5369 90
2 Tree 15598 4603 90
2 Tree 17059 3956 90
2 Tree 18106 3450 90
2 Tree 19072 2255 90
2 Tree 19126 1114 90
2 Tree 17264 2861 90
16 House 592 943 90
16 House 1958 493 90
16 House 12683 1754 90
16 House 667 2030 90
16 House 1980 1857 90
16 House 667 3309 90
16 House 1807 3241 90
16 House 631 4656 90
16 House 11552 510 90
16 House 13437 541 90
16 House 14035 1774 90
16 House 15006 578 90
16 House 16726 578 90
16 House 18109 504 90
16 House 15643 1663 90
16 House 17624 2261 90
16 House 15830 2970 90
16 House 14782 3046 90
16 House 13622 3270 90
16 House 8503 4466 90
16 House 10221 4390 90
16 House 11754 5064 90
16 House 13174 6110 90
16 House 7046 5138 90
16 House 5850 6073 90
16 House 4504 7045 90
16 House 3084 7567 90
16 House 1962 8352 90
16 House 1701 9699 90
16 House 3195 9175 90
16 House 4728 8502 90
16 House 6074 7680 90
16 House 7381 6708 90
16 House 8764 5960 90
16 House 9960 6334 90
16 House 12652 7643 90
16 House 10819 7680 90
16 House 8801 7456 90
16 House 10184 8801 90
16 House 11343 9548 90
16 House 7457 8652 90
16 House 8764 9586 90
16 House 10260 10708 90
16 House 5887 9438 90
16 House 7344 10371 90
16 House 8614 11232 90
16 House 9362 12389 90
16 House 5887 11269 90
16 House 7194 12054 90
16 House 8316 13213 90
16 House 3084 10671 90
16 House 4354 12017 90
16 House 5850 12689 90
16 House 6709 13848 90
16 House 2186 11530 90
16 House 3195 12726 90
16 House 4802 13661 90
16 House 3606 14146 90
16 House 1140 12465 90
16 House 2075 13287 90
25 Cat 3308 11530 90
25 Cat 5513 13624 90
25 Cat 7979 12091 90
25 Cat 4280 8876 90
25 Cat 5363 6782 90
25 Cat 7681 9438 90
25 Cat 6859 5773 90
25 Cat 9586 7530 90
25 Cat 11567 8165 90
25 Cat 9138 4016 90
25 Cat 11754 4242 90
25 Cat 1327 3344 90
25 Cat 1252 1213 90
25 Cat 12689 878 90
25 Cat 14333 1065 90
25 Cat 15941 989 90
25 Cat 17511 1176 90
25 Cat 13474 2335 90
25 Cat 15380 2335 90