36 Apartment 1500 13500 170
36 Apartment 3000 13000 170
20 OfficeBuilding 3000 11500 170
20 OfficeBuilding 2800 10000 170
20 OfficeBuilding 1000 12000 170
20 OfficeBuilding 800 10500 170
9 Car 1450 10900 80
9 Car 1850 10700 80
9 Car 2250 10500 80
9 Car 1300 10200 80
9 Car 1700 10000 80
9 Car 2100 9800 80
9 Car 1450 11900 80
9 Car 1850 11700 80
9 Car 2250 11500 80
32 ConvenienceStore 500 8000 260
32 ConvenienceStore 1000 8000 260
32 ConvenienceStore 1500 8000 260
32 ConvenienceStore 2000 8000 260
32 ConvenienceStore 2500 8000 260
10 Building 7000 7000 260
10 Building 10000 6200 260
19 Bench 10000 9000 0
20 OfficeBuilding 8000 13000 170
20 OfficeBuilding 6400 12500 260
20 OfficeBuilding 6550 14000 260
20 OfficeBuilding 6700 15500 260
20 OfficeBuilding 6850 17000 260
20 OfficeBuilding 7000 18500 260
9 Car 3800 17000 170
9 Car 4600 16900 170
9 Car 5400 16800 170
9 Car 3800 17500 170
9 Car 4600 17400 170
9 Car 5400 17300 170
20 OfficeBuilding 5000 18500 110
20 OfficeBuilding 4500 16000 260
4 Skyscraper 2000 16500 80
10 Building 7500 11000 260
10 Building 10500 10500 260
10 Building 2000 6000 260
9 Car 11800 4400 350
9 Car 11700 3900 350
9 Car 11600 3400 350
9 Car 11500 2900 260
9 Car 10800 4600 350
9 Car 10700 4100 350
9 Car 10600 3600 350
9 Car 10500 3100 260
10 Building 9500 5000 260
9 Car 9600 3800 350
9 Car 9500 3300 260
9 Car 8600 4000 350
9 Car 8500 3500 260
9 Car 7800 5200 350
9 Car 7700 4700 350
9 Car 7600 4200 350
9 Car 7500 3700 260
9 Car 6800 5400 350
9 Car 6700 4900 350
9 Car 6600 4400 350
9 Car 6500 3900 260
9 Car 5800 5600 350
9 Car 5700 5100 350
9 Car 5600 4600 350
9 Car 5500 4100 260
9 Car 4800 5800 350
9 Car 4700 5300 350
9 Car 4600 4800 350
9 Car 4500 4300 260
0 Person 10000 9500 0
0 Person 10100 9700 0
0 Person 10300 9500 0
0 Person 9800 9900 0
0 Person 10600 9200 0
0 Person 10500 9700 0
16 House 500 3600 0
16 House 2000 3600 0
16 House 3500 3200 0
16 House 5000 2700 0
16 House 6500 2200 0
16 House 500 4600 0
16 House 2000 4600 0
16 House 3500 4200 0
16 House 5000 3700 0
16 House 6500 3200 0
10 Building 8500 2100 260
9 Car 8500 1300 350
9 Car 8600 800 350
9 Car 7700 1300 350
10 Building 13400 3500 260
9 Car 13000 5000 260
9 Car 13500 5000 260
9 Car 14000 5000 260
9 Car 13200 6000 260
9 Car 13700 6000 260
9 Car 14200 6000 260
10 Building 10000 1600 170
9 Car 11000 1800 350
9 Car 11000 1300 350
9 Car 11000 800 350
16 House0 13000 500 0
36 Apartment 18000 2500 160
36 Apartment 19000 4500 160
36 Apartment 21000 4000 160
36 Apartment 23000 3500 160
16 House 24496 6507 90
16 House 24529 7840 90
16 House 24579 9102 90
16 House 24702 10402 90
16 House 24651 11800 90
16 House 24633 13154 90
16 House 24594 14317 90
16 House 24789 16108 90
16 House 24744 17043 90
16 House 24720 18172 90
16 House 23947 17163 90
16 House 23491 6848 90
16 House 23469 8117 90
16 House 23548 9330 90
16 House 23629 10619 90
16 House 23623 11910 90
16 House 23637 13005 90
16 House 23669 14186 90
16 House 22376 7202 90
16 House 22394 8379 90
16 House 22502 9542 90
16 House 22611 10842 90
16 House 22741 12435 90
16 House 20823 21150 90
16 House 20542 22506 90
16 House 19720 24088 90
16 House 18710 24309 90
16 House 17485 24385 90
16 House 16504 24534 90
16 House 15442 24510 90
16 House 22931 13490 90
16 House 20192 530 90
16 House 21066 479 90
16 House 22136 373 90
16 House 22883 223 90
16 House 23923 166 90
16 House 24460 1112 90
16 House 18027 23416 90
16 House 16741 23491 90
16 House 15486 23566 90
16 House 14198 24531 90
16 House 19234 20930 90
16 House 18210 21632 90
16 House 17506 22423 90
16 House 19029 19964 90
16 House 17770 20549 90
16 House 17009 21486 90
16 House 16247 22423 90
16 House 14227 23506 90
16 House 13086 24443 90
16 House 13115 23390 90
16 House 14960 22453 90
16 House 16481 20608 90
16 House 15690 21399 90
16 House 15339 20520 90
16 House 14403 21341 90
16 House 13495 22336 90
16 House 13319 21106 90
16 House 11885 23360 90
16 House 9924 22278 90
16 House 12266 22247 90
16 House 12178 21281 90
16 House 10977 21750 90
16 House 11006 22629 90
16 House 10597 23653 90
16 House 10422 24589 90
16 House 9192 24620 90
16 House 8226 24560 90
16 House 8020 23566 90
16 House 7113 24385 90
16 House 3541 24589 90
16 House 4594 24707 90
16 House 5824 24678 90
16 House 20259 17798 90
16 House 21312 17534 90
16 House 22249 17154 90
16 House 21811 15719 90
16 House 20756 16510 90
16 House 21429 14079 90
16 House 20259 15016 90
16 House 19791 16070 90
16 House 20874 12234 90
16 House 21107 13055 90
16 House 19820 13582 90
16 House 19614 12587 90
16 House 19351 17212 90
16 House 19087 14811 90
16 House 18443 12849 90
16 House 18501 13904 90
16 House 18063 17387 90
16 House 16218 17769 90
16 House 14169 18120 90
16 House 12295 18559 90
16 House 18297 16070 90
16 House 17770 14987 90
16 House 17213 16157 90
16 House 17535 13815 90
16 House 17389 12878 90
16 House 16891 15016 90
16 House 16598 13875 90
16 House 16511 12762 90
16 House 16569 11590 90
16 House 16540 10624 90
16 House 16012 15806 90
16 House 16101 16714 90
16 House 15164 16832 90
16 House 15135 15806 90
16 House 16365 9716 90
16 House 15515 13757 90
16 House 15632 12645 90
16 House 935 20404 90
16 House 1638 20930 90
16 House 2398 21341 90
16 House 3189 21632 90
16 House 4039 21954 90
16 House 4858 22278 90
16 House 1052 21370 90
16 House 1783 21954 90
16 House 3688 22600 90
16 House 2751 22160 90
16 House 14227 17065 90
16 House 14139 15866 90
16 House 13994 14869 90
16 House 13408 17241 90
16 House 12442 17358 90
16 House 11358 17476 90
16 House 13261 16041 90
16 House 12295 16099 90
16 House 11212 16099 90
16 House 14403 13815 90
16 House 13057 14987 90
16 House 12031 15045 90
16 House 10977 15191 90
16 House 13348 13786 90
16 House 12266 13786 90
16 House 11094 13904 90
16 House 14578 12674 90
16 House 13466 12645 90
16 House 15574 11590 90
16 House 15457 10507 90
16 House 15368 9629 90
25 Cat 13730 16510 90
25 Cat 12910 17944 90
25 Cat 18532 15104 90
25 Cat 23450 11181 90
25 Cat 24211 16099 90
25 Cat 12851 21632 90
25 Cat 11094 23068 90
25 Cat 15632 22804 90
25 Cat 14842 23595 90
25 Cat 17302 23477 90
25 Cat 19000 23624 90
25 Cat 7464 23828 90
25 Cat 2194 21663 90
25 Cat 4243 22600 90
25 Cat 9045 23946 90
25 Cat 12617 23741 90
25 Cat 21664 465 90
25 Cat 20405 962 90
16 House 21547 7843 90
25 Cat 16072 10302 90
25 Cat 20082 16685 90
25 Cat 22044 17505 90
25 Cat 11474 18999 90
2 Tree 18308 326 90
2 Tree 19374 215 90
2 Tree 18827 1488 90
2 Tree 19784 1459 90
2 Tree 20774 1286 90
2 Tree 21598 1028 90
2 Tree 22499 773 90
2 Tree 23566 660 90
2 Tree 23634 1344 90
2 Tree 23007 1547 90
2 Tree 22088 1928 90
2 Tree 21296 2106 90
2 Tree 20264 2314 90
2 Tree 19323 2586 90
2 Tree 19795 3607 90
2 Tree 20035 4440 90
2 Tree 20752 7182 90
2 Tree 21138 8435 90
2 Tree 21366 9708 90
2 Tree 21612 10874 90
2 Tree 22020 12820 90
2 Tree 21880 11917 90
2 Tree 22161 13961 90
2 Tree 22570 15074 90
2 Tree 23917 15162 90
2 Tree 22716 16450 90
2 Tree 22951 17797 90
2 Tree 23448 18763 90
2 Tree 21897 18587 90
2 Tree 24474 19114 90
2 Tree 19379 9277 90
2 Tree 17710 11737 90
2 Tree 17301 9688 90
29 StopSign 4830 9015 90
29 StopSign 4976 10771 90
26 TrafficLight 7230 20139 90
26 TrafficLight 6675 21691 90
26 TrafficLight 21721 20841 90
26 TrafficLight 23185 19700 90
26 TrafficLight 3864 13464 90
26 TrafficLight 5532 13260 90
26 TrafficLight 3689 15338 90
26 TrafficLight 22980 22130 90
26 TrafficLight 24297 21134 90
2 Tree 18354 22100 90
2 Tree 19468 11796 90
2 Tree 19584 22130 90
2 Tree 19701 22803 90
2 Tree 18822 22979 90
2 Tree 19175 22568 90
2 Tree 18911 10536 90
2 Tree 9133 11386 90
2 Tree 8957 12938 90
2 Tree 11446 10976 90
2 Tree 11417 12732 90
2 Tree 9982 13757 90
2 Tree 10158 14929 90
2 Tree 10509 16217 90
2 Tree 10744 17416 90
2 Tree 11006 18645 90
2 Tree 8284 18353 90
2 Tree 8051 17475 90
2 Tree 7640 16392 90
2 Tree 5854 19466 90
2 Tree 4655 19144 90
2 Tree 3629 18705 90
2 Tree 2166 18148 90
2 Tree 819 17475 90
2 Tree 14842 14401 90
2 Tree 14900 15309 90
2 Tree 16159 14987 90
2 Tree 16043 14314 90
2 Tree 10100 11941 90
2 Tree 9397 23389 90
2 Tree 8635 22452 90
2 Tree 7230 22539 90
2 Tree 6528 23651 90
2 Tree 5796 24237 90
2 Tree 4712 24004 90
2 Tree 3396 24004 90
2 Tree 5356 23798 90
2 Tree 6322 23037 90
2 Tree 2781 24648 90
2 Tree 11359 24472 90
2 Tree 12207 24120 90
2 Tree 1962 24501 90
2 Tree 1054 24501 90
2 Tree 497 24179 90
2 Tree 1580 23682 90
2 Tree 2517 23447 90
2 Tree 3864 23476 90
2 Tree 672 23214 90
2 Tree 1727 22832 90
2 Tree 2985 22745 90
2 Tree 497 22013 90
2 Tree 263 20110 90
2 Tree 5152 22774 90
40 BusStop 12764 9131 90
40 BusStop 12149 6789 90
19 Bench 12353 10713 90
29 FireHydrant 5240 10771 90
29 FireHydrant 2927 9073 90