55 Warehouse 5000 8000 90
55 Warehouse 5000 5000 90
55 Warehouse 7000 3500 90
20 OfficeBuilding 6500 8000 0
49 ShippingContainer 7000 7500 0
49 ShippingContainer 7500 7500 0
49 ShippingContainer 8000 7500 0
49 ShippingContainer 7000 6500 0
49 ShippingContainer 7500 6500 0
49 ShippingContainer 8000 6500 0
55 Warehouse 11000 8000 350
20 OfficeBuilding 9500 6000 90
20 OfficeBuilding 9500 5000 90
20 OfficeBuilding 9500 4000 90
20 OfficeBuilding 9500 3000 90
20 OfficeBuilding 9500 2000 90
20 OfficeBuilding 9500 1000 90
42 Factory 13000 4000 180
50 Silo 12000 3000 0
50 Silo 12000 2000 0
50 Silo 12000 1000 0
49 ShippingContainer 11000 3500 90
49 ShippingContainer 11000 2500 90
49 ShippingContainer 11000 1500 90
49 ShippingContainer 11000 500 90
9 Car 10500 6000 90
9 Car 10750 6000 90
9 Car 11000 6000 0
9 Car 11250 6000 90
9 Car 10500 5000 90
9 Car 10750 5000 90
9 Car 11000 5000 0
9 Car 11250 5000 90
9 Car 10500 4000 90
9 Car 10750 4000 90
16 House 17000 6000 350
20 OfficeBuilding 16900 4500 80
20 OfficeBuilding 16800 3500 80
20 OfficeBuilding 16700 2500 80
20 OfficeBuilding 16600 1500 80
20 OfficeBuilding 16500 500 80
55 Warehouse 19000 6500 350
55 Warehouse 19000 4500 350
55 Warehouse 22000 6000 350
55 Warehouse 22000 4000 350
20 OfficeBuilding 20900 2500 80
20 OfficeBuilding 20800 1500 80
20 OfficeBuilding 20700 500 80
20 OfficeBuilding 19300 2500 80
20 OfficeBuilding 19200 1500 80
20 OfficeBuilding 19100 500 80
2 Tree 18000 500 0
2 Tree 18250 1500 0
2 Tree 18500 2500 0
2 Tree 4000 500 0
2 Tree 4000 1500 0
2 Tree 4000 2500 0
2 Tree 4000 3250 0
2 Tree 5000 500 0
2 Tree 5000 1500 0
2 Tree 5000 2500 0
2 Tree 6000 500 0
2 Tree 6000 1500 0
2 Tree 7000 500 0
2 Tree 5500 10700 0
2 Tree 6500 10700 0
2 Tree 7500 10600 0
2 Tree 8500 10500 0
2 Tree 9500 10400 0
2 Tree 10500 10300 0
2 Tree 11500 10200 0
2 Tree 12500 10100 0
2 Tree 13500 10000 0
2 Tree 14500 9900 0
2 Tree 5500 13000 0
2 Tree 6500 14000 0
2 Tree 7500 15000 0
2 Tree 8500 16000 0
2 Tree 9500 17000 0
2 Tree 10500 18000 0
2 Tree 11500 19000 0
2 Tree 12500 20000 0
2 Tree 13500 20500 0
2 Tree 14500 20600 0
2 Tree 15500 20700 0
2 Tree 16500 20700 0
2 Tree 17500 20800 0
2 Tree 18500 20900 0
2 Tree 19500 21000 0
2 Tree 20500 21100 0
2 Tree 21500 21200 0
2 Tree 22500 22200 0
2 Tree 23500 23200 0
2 Tree 24500 24200 0
2 Tree 6500 12000 0
2 Tree 7500 13000 0
2 Tree 8500 14000 0
2 Tree 9500 15000 0
2 Tree 10500 16000 0
2 Tree 11500 17000 0
2 Tree 12500 18000 0
2 Tree 13500 19000 0
2 Tree 14500 19100 0
2 Tree 15500 19200 0
2 Tree 16500 19300 0
2 Tree 17500 19400 0
2 Tree 18500 19500 0
2 Tree 19500 19600 0
2 Tree 20500 19700 0
2 Tree 21500 19800 0
2 Tree 22500 20800 0
2 Tree 23500 21800 0
2 Tree 24500 22800 0
2 Tree 15000 24500 0
2 Tree 15200 23500 0
2 Tree 15400 22500 0
2 Tree 15600 21500 0
2 Tree 16000 24500 0
2 Tree 16200 23500 0
2 Tree 16400 22500 0
2 Tree 16600 21500 0
2 Tree 23000 11500 0
2 Tree 22500 10500 0
2 Tree 23500 9500 0
2 Tree 24500 8500 0
2 Tree 19500 12200 0
2 Tree 20800 12200 0
2 Tree 19800 13600 0
2 Tree 21000 13400 0
51 Slide 20500 13000 0
54 Swingset 20200 13000 0
13 Table 19800 12600 0
16 House 9000 11300 0
16 House 10500 11100 0
16 House 12000 11000 0
16 House 13500 11000 0
16 House 15000 11000 0
16 House 16500 10500 0
16 House 18000 9500 0
16 House 19500 9300 0
16 House 21000 9000 0
16 House 22500 8500 0
16 House 24000 8000 0
16 House 9000 12300 0
16 House 10500 12100 0
16 House 12000 12500 0
16 House 13500 12500 0
16 House 15000 12500 0
16 House 16500 12000 0
16 House 18000 11000 0
16 House 19500 10800 0
16 House 21000 10500 0
16 House 22500 10000 0
16 House 12000 14000 0
16 House 13500 14000 0
16 House 15000 14000 0
16 House 16500 13500 0
16 House 18000 12500 0
16 House 21500 12000 0
16 House 12000 15500 0
16 House 13500 15500 0
16 House 15000 15500 0
16 House 16500 15000 0
16 House 18000 14000 0
16 House 21800 13500 0
16 House 23300 13500 0
16 House 12500 17000 0
16 House 13500 17000 0
16 House 15000 17000 0
16 House 16500 16500 0
16 House 18000 15500 0
16 House 19500 15500 0
16 House 21800 15000 0
16 House 23300 15000 0
16 House 13500 18500 0
16 House 15000 18500 0
16 House 16500 18000 0
16 House 18000 17000 0
16 House 19500 17000 0
16 House 21800 16500 0
16 House 23300 16500 0
16 House 24500 16500 0
16 House 18000 18000 0
16 House 18000 19000 0
16 House 19500 18500 0
16 House 21000 18000 0
16 House 22500 18000 0
16 House 24000 18000 0
16 House 24000 19500 0
16 House 24000 21000 0
16 House 17000 24500 0
16 House 18500 24500 0
16 House 20000 24500 0
16 House 21500 24500 0
16 House 23000 24500 0
16 House 17500 23500 0
16 House 19000 23500 0
16 House 20500 23500 0
16 House 22000 23500 0
16 House 19750 22500 0
16 House 9500 24500 0
16 House 11000 24500 0
16 House 12500 24500 0
16 House 14000 24500 0
16 House 9500 23000 0
16 House 11000 23000 0
16 House 12500 23000 0
16 House 14000 23000 0
16 House 9500 21500 0
16 House 11000 21500 0
16 House 5250 20000 0
16 House 6750 20000 0
16 House 8250 20000 0
16 House 9750 20000 0
16 House 11000 20000 0
16 House 5250 18500 0
16 House 6750 18500 0
16 House 8250 18500 0
16 House 5250 17000 0
16 House 6750 17000 0
16 House 5250 15500 0