39 BasketballCourt 5416 6116 90
38 BasketballBackboard 5016 6116 90
38 BasketballBackboard 5816 6116 90
2 Tree 14784 15895 90
2 Tree 16804 13200 90
2 Tree 18999 14314 90
2 Tree 19994 10507 90
2 Tree 21164 7228 90
2 Tree 18121 8634 90
2 Tree 16657 18851 90
2 Tree 10011 20901 90
2 Tree 9338 19700 90
2 Tree 9689 18090 90
2 Tree 10861 17182 90
2 Tree 7933 19700 90
2 Tree 6264 19202 90
2 Tree 6411 24501 90
2 Tree 7259 17973 90
2 Tree 8753 17007 90
2 Tree 8167 18792 90
2 Tree 7991 15573 90
2 Tree 5416 17855 90
2 Tree 7054 16128 90
2 Tree 6206 16860 90
2 Tree 4127 18295 90
2 Tree 6499 14840 90
2 Tree 4801 16450 90
2 Tree 3249 17153 90
2 Tree 5123 14314 90
2 Tree 3571 15602 90
2 Tree 1844 17915 90
2 Tree 3190 13699 90
2 Tree 1991 15309 90
2 Tree 1141 16889 90
2 Tree 1405 13260 90
16 House 515 4181 90
16 House 575 5436 90
16 House 522 6541 90
16 House 442 7655 90
16 House 1642 4834 90
16 House 1513 6086 90
16 House 1431 7291 90
16 House 1438 8435 90
16 House 2620 5436 90
16 House 2494 6823 90
16 House 2429 7912 90
16 House 3708 7728 90
16 House 556 10683 90
16 House 1609 9923 90
16 House 2868 9512 90
16 House 4011 9337 90
16 House 5298 8371 90
16 House 6850 8341 90
16 House 1902 10918 90
16 House 3483 10596 90
16 House 5123 9923 90
16 House 6382 9454 90
16 House 3132 11708 90
16 House 4566 11093 90
16 House 6293 10596 90
16 House 7727 9717 90
16 House 7904 7550 90
16 House 8695 8898 90
16 House 9601 10098 90
16 House 8020 10771 90
16 House 9221 11298 90
16 House 10538 11532 90
16 House 5034 12176 90
16 House 6264 11796 90
16 House 7083 12820 90
16 House 8080 12088 90
16 House 8373 13524 90
16 House 9572 12556 90
16 House 10831 13113 90
16 House 9485 13992 90
16 House 10275 14987 90
16 House 11330 14283 90
16 House 10919 16041 90
16 House 11943 15367 90
16 House 12236 16303 90
16 House 12500 17593 90
16 House 12353 18967 90
16 House 11124 18792 90
16 House 10684 19817 90
16 House 11973 19964 90
16 House 18150 23564 90
16 House 19233 23682 90
16 House 17945 24648 90
16 House 18969 24677 90
16 House 20023 24619 90
16 House 585 24472 90
16 House 761 23300 90
16 House 1083 21808 90
16 House 1112 20315 90
16 House 2634 19642 90
16 House 4011 19964 90
16 House 5152 20432 90
16 House 6499 21309 90
16 House 2721 21134 90
16 House 4655 21544 90
16 House 6177 22422 90
16 House 2459 22950 90
16 House 2253 24413 90
16 House 4186 22890 90
16 House 4186 24266 90
16 House 5591 23682 90
16 House 7259 23593 90
16 House 7962 21369 90
16 House 9046 20841 90
16 House 8431 22599 90
16 House 9807 22277 90
16 House 11212 22277 90
16 House 8342 24208 90
16 House 9778 23535 90
16 House 10158 24530 90
16 House 11359 23886 90
16 House 12500 23886 90
25 Cat 1640 23740 90
25 Cat 3805 20783 90
25 Cat 6147 23418 90
25 Cat 8606 23593 90
25 Cat 10568 23154 90
25 Cat 11417 24794 90
25 Cat 18647 24062 90
25 Cat 10393 13815 90
25 Cat 11505 19349 90
25 Cat 8695 12440 90
25 Cat 2166 11504 90
25 Cat 5005 10596 90
25 Cat 6937 9834 90
25 Cat 7025 11473 90
25 Cat 2781 7492 90
25 Cat 1229 6467 90
25 Cat 2927 5852 90
25 Cat 1698 5326 90
25 Cat 2195 9805 90