333 Tree 500 47500 270
333 Tree 1000 47500 270
333 Tree 1500 47500 270
333 Tree 2000 47500 270
333 Tree 2500 47500 270
333 Tree 3000 47500 270
333 Tree 500 48000 270
333 Tree 1000 48000 270
333 Tree 1500 48000 270
333 Tree 2000 48000 270
333 Tree 2500 48000 270
333 Tree 3000 48000 270
333 Tree 500 48500 270
333 Tree 1000 48500 270
333 Tree 1500 48500 270
333 Tree 2000 48500 270
333 Tree 2500 48500 270
333 Tree 3000 48500 270
333 Tree 500 49000 270
333 Tree 1000 49000 270
333 Tree 1500 49000 270
333 Tree 2000 49000 270
333 Tree 2500 49000 270
333 Tree 3000 49000 270
333 Tree 500 49500 270
333 Tree 1000 49500 270
333 Tree 1500 49500 270
333 Tree 2000 49500 270
333 Tree 2500 49500 270
333 Tree 3000 49500 270
333 Tree 500 50000 270
333 Tree 1000 50000 270
333 Tree 1500 50000 270
333 Tree 2000 50000 270
333 Tree 2500 50000 270
333 Tree 3000 50000 270
333 Tree 600 50000 270
333 Tree 6500 50000 270
333 Tree 6300 49700 270
333 Tree 8000 50000 270
333 Tree 8500 50000 270
333 Tree 9000 50000 270
333 Tree 9500 50000 270
333 Tree 10000 50000 270
333 Tree 10500 50000 270
333 Tree 11000 50000 270
333 Tree 11500 50000 270
333 Tree 12000 50000 270
240 House 500 52000 180
240 House 2000 52000 270
240 House 4000 52000 180
240 House 5500 52000 270
240 House 7000 52000 180
240 House 8500 52200 270
240 House 10000 52300 180
240 House 11500 52400 270
240 House 13000 52700 180
240 House 14500 53000 270
240 House 16000 54000 180
240 House 17500 54400 270
240 House 19000 54500 180
240 House 20500 55300 270
240 House 22000 56000 180
240 House 23500 56800 270
240 House 500 53500 180
240 House 2000 53500 270
240 House 4000 53500 180
240 House 5500 53500 270
240 House 7000 53500 180
240 House 8500 53700 270
240 House 10000 53800 180
240 House 11500 53900 270
240 House 13000 54200 180
240 House 14500 54500 270
240 House 16000 54500 180
240 House 17500 54900 270
240 House 19000 56000 180
240 House 20500 56800 270
240 House 22000 57500 180
240 House 23500 58300 270
240 House 500 55000 180
240 House 2000 55000 270
240 House 4000 55000 180
240 House 5500 55000 270
240 House 7000 55000 180
240 House 8500 55200 270
240 House 10000 55300 180
240 House 11500 55400 270
240 House 13000 55700 180
240 House 14500 56000 270
240 House 16000 56000 180
240 House 17500 56400 270
240 House 19000 57500 180
240 House 20500 58300 270
240 House 22000 59000 180
570 Car 500 57000 0
570 Car 1000 57000 90
570 Car 1500 57000 90
570 Car 500 58000 90
570 Car 1000 58000 90
570 Car 1500 58000 90
570 Car 500 59000 90
570 Car 1000 59000 90
570 Car 1500 59000 0
570 Car 500 60000 90
570 Car 1000 60000 90
473 Store 2500 58000 0
473 Store 3500 58000 0
473 Store 4500 58000 0
473 Store 5500 58000 0
-1 School 7000 57500 270
240 House 5500 59500 270
240 House 6500 59500 270
240 House 7500 59500 270
240 House 8500 59500 270
240 House 6500 61000 0
240 House 7500 61000 0
240 House 8500 61000 0
240 House 500 62000 180
240 House 2000 62000 270
240 House 4000 62000 180
240 House 7000 62000 270
240 House 8500 62000 180
240 House 10000 61500 270
240 House 11500 60800 180
240 House 13000 60300 270
240 House 13000 57500 270
240 House 14500 58200 180
240 House 16000 58000 270
240 House 14500 59500 180
240 House 16000 59000 270
240 House 17500 59000 180
240 House 19000 60000 270
240 House 20500 60500 180
240 House 500 63500 180
240 House 2000 63500 270
240 House 4000 63500 180
240 House 7000 63500 270
240 House 8500 63500 180
240 House 10000 63000 270
240 House 11500 62300 180
240 House 13000 62300 270
240 House 14500 61000 180
240 House 16000 60500 270
240 House 17500 60500 180
240 House 19000 61500 270
240 House 20500 62000 180
240 House 500 65000 180
240 House 2000 65000 270
240 House 4000 65000 180
240 House 7000 65000 270
240 House 8500 65000 180
240 House 10000 64500 270
240 House 11500 63800 180
240 House 13000 63800 270
240 House 14500 62500 180
240 House 16000 62000 270
240 House 17500 62000 180
240 House 19000 63000 270
240 House 500 66500 180
240 House 2000 66500 270
240 House 3500 66500 180
240 House 5500 66500 0
240 House 7000 66500 270
240 House 8500 66500 180
240 House 10000 66000 270
240 House 11500 65300 180
240 House 13000 65300 270
240 House 14500 64000 180
240 House 16000 63500 270
240 House 17500 63500 180
240 House 19000 64500 270
240 House 500 68000 180
240 House 2000 68000 270
240 House 4500 68000 180
240 House 5500 68000 270
240 House 6500 68000 180
240 House 10000 67500 270
240 House 11500 66800 180
240 House 13000 66800 270
240 House 14500 65500 180
240 House 16000 65000 270
240 House 17500 65000 180
240 House 10000 68000 270
240 House 12000 68000 270
240 House 14000 68000 270
240 House 14000 66800 270
240 House 16000 66800 270
240 House 18000 66800 270
240 House 500 69500 180
240 House 2000 69500 270
240 House 4000 69500 180
240 House 5500 69500 270
240 House 7000 69500 180
240 House 500 71000 180
240 House 500 72500 180 
240 House 7000 70500 180
240 House 9000 70500 180
240 House 11000 70500 180
240 House 13000 70500 180
240 House 14500 70500 180
240 House 3500 71000 180
240 House 5500 71500 90
240 House 7000 72000 180
240 House 9000 72000 180
240 House 11000 72000 180
240 House 13000 72000 180
240 House 3500 72500 180
240 House 5500 73000 90
240 House 7000 73500 180
240 House 12000 73500 180
240 House 3500 74000 180
240 House 5500 74500 90
240 House 7000 75000 180
240 House 9000 75000 180
240 House 11000 75000 180
240 House 2000 75500 180 
240 House 3500 76000 180
240 House 5500 76500 90
240 House 7000 76500 180
240 House 9000 77000 180
240 House 2000 77000 180 
240 House 3500 77500 180
240 House 5500 78000 90
240 House 7000 78000 180
240 House 2000 79000 180 
240 House 3500 79500 180
240 House 5500 80000 90
240 House 7000 79000 180
240 House 7500 85750 180
240 House 8500 86500 180
240 House 9500 87250 180
240 House 10500 87800 180
240 House 11500 88300 180
240 House 12500 88800 180
240 House 13500 89250 180
240 House 14500 89550 180
240 House 15500 89950 180
240 House 16500 90650 180
240 House 17500 91100 180
240 House 18500 91600 180
240 House 19500 92000 180
-1 Warehouse 30000 33000 90
-1 Warehouse 30000 30000 90
-1 Warehouse 32000 28500 90
261 Building 31500 33000 0
1 Container 32000 32500 0
1 Container 32500 32500 0
1 Container 33000 32500 0
1 Container 32000 31500 0
1 Container 32500 31500 0
1 Container 33000 31500 0
-1 Warehouse 36000 33000 350
261 Building 34500 30500 90
261 Building 34500 29500 90
261 Building 34500 28500 90
261 Building 34500 27500 90
261 Building 34500 26500 90
261 Building 34500 25500 90
-1 Factory 38000 27000 180
-1 Silo 37000 27000 0
-1 Silo 37000 26000 0
-1 Silo 37000 25000 0
-1 Silo 37000 24000 0
1 Container 36000 25500 90
1 Container 36000 25000 90
1 Container 36000 24500 90
1 Container 36000 24000 90
570 Car 36000 31000 90
570 Car 36250 31000 90
570 Car 36500 31000 0
570 Car 36750 31000 90
570 Car 37000 31000 90
570 Car 37250 31000 90
570 Car 37500 31000 0
570 Car 37750 31000 90
570 Car 38000 31000 90
570 Car 38250 31000 90
240 House 42000 31000 350
261 Building 41900 29500 80
261 Building 41800 28500 80
261 Building 41700 27500 80
261 Building 41600 26500 80
261 Building 41500 25500 80
261 Building 41400 24500 80
261 Building 41300 23500 80
261 Building 41200 22500 80
261 Building 41100 21500 80
-1 Factory 40100 18500 170
-1 Silo 39100 18500 0
-1 Silo 39000 17500 0
-1 Silo 38900 16500 0
-1 Silo 38800 15500 0
1 Container 38100 17000 90
1 Container 38000 16500 90
1 Container 37900 16000 90
1 Container 37800 15500 90
-1 Factory 39800 12500 80
-1 Silo 38100 13250 0
-1 Silo 38050 11900 0
261 Building 39000 10000 80
261 Building 38900 9000 80
261 Building 38800 8000 80
261 Building 38700 7000 80
261 Building 38600 7000 80
-1 Warehouse 38600 5000 350
-1 Warehouse 38000 3000 350
261 Building 37800 1500 80
66 Tower 37700 500 0
-1 Warehouse 44000 31500 350
-1 Warehouse 44000 29500 350
-1 Warehouse 47000 31000 350
-1 Warehouse 47000 29000 350
261 Building 45900 27000 80
261 Building 45800 26000 80
261 Building 45700 25000 80
261 Building 44300 27100 80
261 Building 44200 26100 80
261 Building 44100 25100 80
261 Building 45600 24000 80
261 Building 45500 23000 80
261 Building 45400 22000 80
261 Building 45300 21000 80
261 Building 45200 20000 80
261 Building 45100 19000 80
-1 Warehouse 43500 22000 350
-1 Warehouse 43250 20000 350
-1 Warehouse 45500 17000 350
1 Container 44500 15500 80
1 Container 44400 14750 80
1 Container 44300 14000 80
1 Container 44200 13250 80
1 Container 46000 15500 80
1 Container 45900 14750 80
1 Container 45800 14000 80
1 Container 45700 13250 80
261 Building 42000 18000 80
261 Building 43500 17800 80
261 Building 43500 16800 350
261 Building 43300 15300 350
261 Building 42600 14300 80
-1 FuelStation 42000 13250 80
-1 FuelStation 47500 12750 80
261 Building 42000 11320 350
261 Building 43000 11320 350
261 Building 44000 11320 350
261 Building 45000 11320 350
-1 Warehouse 43250 9330 350
-1 Warehouse 43000 7330 350
261 Building 41000 5200 350
261 Building 42000 5000 350
261 Building 43000 4800 350
261 Building 44000 4600 350
261 Building 45000 4400 350
-1 Warehouse 44000 2000 80
261 Building 40000 3000 350
261 Building 41000 2800 350
261 Building 42000 2700 350
261 Building 40000 1500 350
261 Building 41000 1300 350
261 Building 42000 1000 350
-1 Warehouse 50000 30000 350
-1 Warehouse 53000 29500 350
261 Building 50000 27000 350
261 Building 50000 25000 350
-1 Warehouse 48000 24500 260
-1 Warehouse 53000 23500 260
-1 Warehouse 52500 20000 260
-1 Warehouse 52000 16500 260
-1 Warehouse 51000 13000 260
-1 Factory 49000 17500 260
261 Building 47000 14500 350
261 Building 48000 14500 350
261 Building 49000 14500 350
261 Building 50000 14500 350
-1 Warehouse 50000 10500 350
-1 Warehouse 47000 11000 350
1 Container 49000 8500 80
1 Container 48800 7750 80
1 Container 48600 7000 80
1 Container 48400 6250 80
261 Building 47000 8500 80
261 Building 46800 7500 80
261 Building 46600 6500 80
261 Building 46400 5500 80
261 Building 46200 4500 80
261 Building 46000 3500 80
261 Building 45800 2500 80
261 Building 45600 1500 80
261 Building 48200 4500 80
261 Building 48000 3500 80
261 Building 47800 2500 80
261 Building 47600 1500 80
-1 Backboard 21500 83500 350
-1 Goals 18500 83000 80
-1 Goals 18500 85000 80
261 Building 21500 89000 120
-1 FuelStation 19500 88500 210
-1 FuelStation 18500 87900 210
473 Store 16500 86500 120
473 Store 17500 86500 120
473 Store 18500 86500 120
473 Store 19500 86500 120
473 Store 20500 86500 120
-1 Warehouse 24500 87900 260
-1 Warehouse 23500 85500 170
461 Apartment 26500 88500 170
461 Apartment 28000 88000 170
473 Store 23500 85000 260
473 Store 24500 85000 260
473 Store 25500 85000 260
473 Store 26500 85000 260
473 Store 27500 85000 260
473 Store 23000 83000 260
473 Store 24000 83000 260
473 Store 25000 83000 260
473 Store 26000 83000 260
473 Store 27000 83000 260
261 Building 32000 82000 260
261 Building 35000 81200 260
475 Bench 35000 84000 0
261 Building 32500 86000 260
261 Building 35500 85500 260
261 Building 27000 81000 260
261 Building 35400 79000 260
570 Car 33800 80000 350
570 Car 33700 79500 350
570 Car 33600 79000 350
570 Car 33500 78500 260
570 Car 32800 80200 350
570 Car 32700 79700 350
570 Car 32600 79200 350
570 Car 32500 78700 260
570 Car 31800 80400 350
570 Car 31700 79900 350
570 Car 31600 79400 350
570 Car 31500 78900 260
570 Car 30800 80600 350
570 Car 30700 80100 350
570 Car 30600 79600 350
570 Car 30500 79100 260
570 Car 29800 80800 350
570 Car 29700 80300 350
570 Car 29600 79800 350
570 Car 29500 79300 260
68 Person 35000 84500 0
68 Person 35100 847000 0
68 Person 35300 84500 0
68 Person 34800 849000 0
68 Person 35600 84200 0
68 Person 35500 847000 0
333 Tree 60000 500 0
-1 Bush 60500 500 0
333 Tree 60000 1500 0
-1 Bush 60500 1500 0
333 Tree 60000 2500 0
-1 Bush 60500 2500 0
333 Tree 60000 3500 0
-1 Bush 60500 3500 0
333 Tree 60000 4500 0
-1 Bush 60500 4500 0
333 Tree 60000 5500 0
-1 Bush 60500 5500 0
333 Tree 60000 6500 0
-1 Bush 60500 6500 0
333 Tree 60000 7500 0
-1 Bush 60500 7500 0
333 Tree 60000 8500 0
-1 Bush 60500 8500 0
333 Tree 60000 9500 0
-1 Bush 60500 9500 0
333 Tree 60000 10500 0
-1 Bush 60500 10500 0
333 Tree 60000 11500 0
-1 Bush 60500 11500 0
333 Tree 60000 12500 0
-1 Bush 60500 12500 0
333 Tree 60000 13500 0
-1 Bush 60500 13500 0
333 Tree 60000 14500 0
-1 Bush 60500 14500 0
333 Tree 60000 15500 0
-1 Bush 60500 15500 0
333 Tree 60000 16500 0
-1 Bush 60500 16500 0
333 Tree 60000 17500 0
-1 Bush 60500 17500 0
333 Tree 54000 500 0
-1 Bush 54500 500 0
333 Tree 54000 1500 0
-1 Bush 54500 1500 0
333 Tree 54000 2500 0
-1 Bush 54500 2500 0
333 Tree 54000 3500 0
-1 Bush 54500 3500 0
333 Tree 54000 4500 0
-1 Bush 54500 4500 0
333 Tree 54000 5500 0
-1 Bush 54500 5500 0
333 Tree 54000 6500 0
-1 Bush 54500 6500 0
333 Tree 54000 7500 0
-1 Bush 54500 7500 0
333 Tree 54000 8500 0
-1 Bush 54500 8500 0
333 Tree 54000 9500 0
-1 Bush 54500 9500 0
333 Tree 54000 10500 0
-1 Bush 54500 10500 0
333 Tree 54000 11500 0
-1 Bush 54500 11500 0
333 Tree 54000 12500 0
-1 Bush 54500 12500 0
333 Tree 54000 13500 0
-1 Bush 54500 13500 0
333 Tree 54000 14500 0
-1 Bush 54500 14500 0
333 Tree 57000 500 0
-1 Bush 57500 500 0
333 Tree 57000 1500 0
-1 Bush 57500 1500 0
333 Tree 57000 2500 0
-1 Bush 57500 2500 0
333 Tree 57000 3500 0
-1 Bush 57500 3500 0
333 Tree 57000 4500 0
-1 Bush 57500 4500 0
333 Tree 57000 5500 0
-1 Bush 57500 5500 0
333 Tree 57000 6500 0
-1 Bush 57500 6500 0
333 Tree 57000 7500 0
-1 Bush 57500 7500 0
333 Tree 57000 8500 0
-1 Bush 57500 8500 0
333 Tree 57000 9500 0
-1 Bush 57500 9500 0
333 Tree 57000 10500 0
-1 Bush 57500 10500 0
333 Tree 57000 11500 0
-1 Bush 57500 11500 0
333 Tree 57000 12500 0
-1 Bush 57500 12500 0
333 Tree 57000 13500 0
-1 Bush 57500 13500 0
333 Tree 57000 14500 0
-1 Bush 57500 14500 0
333 Tree 57000 15500 0
-1 Bush 57500 15500 0
282 Kangaroo 63000 22000 270
282 Kangaroo 63050 22100 270
282 Kangaroo 63025 22200 270
282 Kangaroo 63200 22100 270
282 Kangaroo 63300 22300 270
282 Kangaroo 63700 22200 270
282 Kangaroo 63500 22900 270
282 Kangaroo 63200 22800 270
282 Kangaroo 63900 22100 270
423 Helicopter 10000 11000 180
423 Helicopter 10000 13000 180
423 Helicopter 10000 15000 180
423 Helicopter 10000 17000 180
423 Helicopter 10000 19000 180
423 Helicopter 10000 21000 180
423 Helicopter 12000 11000 180
423 Helicopter 12000 13000 180
423 Helicopter 12000 15000 180
423 Helicopter 12000 17000 180
423 Helicopter 12000 19000 180
423 Helicopter 12000 21100 180
423 Helicopter 14000 11000 180
423 Helicopter 14000 13000 180
423 Helicopter 14000 15000 180
423 Helicopter 14000 17000 180
423 Helicopter 14000 19000 180
423 Helicopter 14000 21000 180
570 Car 3000 21000 180
570 Car 3000 23000 180
570 Car 3000 25000 180
570 Car 3000 27000 180
570 Car 3000 29000 180
570 Car 3000 31000 180
570 Car 5000 21000 180
570 Car 5000 23000 180
570 Car 5000 25000 180
570 Car 5000 27000 180
570 Car 5000 29000 180
570 Car 5000 31000 180
570 Car 7000 21000 180
570 Car 7000 23000 180
570 Car 7000 25000 180
570 Car 7000 27000 180
570 Car 7000 29000 180
570 Car 7000 31000 180
570 Car 9000 21000 180
570 Car 9000 23000 180
570 Car 9000 25000 180
570 Car 9000 27000 180
570 Car 9000 29000 180
570 Car 9000 31000 180
570 Car 1000 21000 180
570 Car 1000 23000 180
570 Car 1000 25000 180
570 Car 1000 27000 180
570 Car 1000 29000 180
570 Car 1000 31000 180
283 Tank 8000 33000 0
283 Tank 8000 35000 0
283 Tank 8000 37000 0
283 Tank 8000 39000 0
283 Tank 8000 41000 0
283 Tank 8000 43000 0
283 Tank 10000 33000 0
283 Tank 10000 35000 0
283 Tank 10000 37000 0
283 Tank 10000 39000 0
283 Tank 10000 41000 0
283 Tank 10000 43000 0
283 Tank 12000 33000 0
283 Tank 12000 35000 0
283 Tank 12000 37000 0
283 Tank 12000 39000 0
283 Tank 12000 41000 0
283 Tank 12000 43000 0
283 Tank 14000 33000 0
283 Tank 14000 35000 0
283 Tank 14000 37000 0
283 Tank 14000 39000 0
283 Tank 14000 41000 0
283 Tank 14000 43000 0
283 Tank 16000 33000 0
283 Tank 16000 35000 0
283 Tank 16000 37000 0
283 Tank 16000 39000 0
283 Tank 16000 41000 0
283 Tank 16000 43000 0
283 Tank 18000 33000 0
283 Tank 18000 35000 0
283 Tank 18000 37000 0
283 Tank 18000 39000 0
283 Tank 18000 41000 0
283 Tank 18000 43000 0
68 Person 14000 31000 180
68 Person 14500 31000 180
68 Person 14000 31500 180
68 Person 14500 31500 180
68 Person 14900 31000 180
350 Rifle 14000 31000 180
350 Rifle 14500 31000 180
350 Rifle 14000 31500 180
350 Rifle 14500 31500 180
350 Rifle 14900 31000 180
