55 Warehouse 3367 11795 90
55 Warehouse 5619 10682 90
55 Warehouse 6499 13699 90
55 Warehouse 8635 12088 90
55 Warehouse 8753 15484 90
55 Warehouse 10977 14079 90
55 Warehouse 6557 5385 90
55 Warehouse 8694 6613 90
55 Warehouse 10421 8135 90
55 Warehouse 12324 9423 90
55 Warehouse 4741 16714 90
55 Warehouse 8605 18791 90
20 OfficeBuilding 14197 18937 90
20 OfficeBuilding 14343 18090 90
20 OfficeBuilding 14520 17357 90
20 OfficeBuilding 15251 19816 90
20 OfficeBuilding 16569 18997 90
20 OfficeBuilding 17301 20812 90
20 OfficeBuilding 18443 19993 90
55 Warehouse 3982 7960 90
55 Warehouse 11475 4214 90
55 Warehouse 13758 5852 90
55 Warehouse 15543 8809 90
55 Warehouse 17652 9569 90
55 Warehouse 19525 11649 90
55 Warehouse 17065 5590 90
55 Warehouse 19819 8194 90
55 Warehouse 21839 12703 90
55 Warehouse 21839 8751 90
20 OfficeBuilding 9543 2574 90
20 OfficeBuilding 8402 3394 90
20 OfficeBuilding 15515 2836 90
20 OfficeBuilding 14213 1836 90
20 OfficeBuilding 15128 4653 90
20 OfficeBuilding 13909 3588 90
20 OfficeBuilding 12500 2368 90
20 OfficeBuilding 13793 11053 90
20 OfficeBuilding 13833 9795 90
55 Warehouse 3359 19049 90
20 OfficeBuilding 2637 16993 90
55 Warehouse 15850 13109 90
55 Warehouse 17830 14784 90
55 Warehouse 19927 16080 90
20 OfficeBuilding 10137 19506 90
20 OfficeBuilding 11090 20458 90
20 OfficeBuilding 8880 21450 90
20 OfficeBuilding 6787 21906 90
20 OfficeBuilding 6671 19659 90
20 OfficeBuilding 6443 20878 90
20 OfficeBuilding 8196 20496 90
2 Tree 10246 17300 90
2 Tree 10890 17739 90
2 Tree 11446 18148 90
2 Tree 12324 18792 90
2 Tree 12939 19349 90
2 Tree 10890 17007 90
2 Tree 11767 17446 90
2 Tree 12295 18061 90
2 Tree 13173 18587 90
2 Tree 11651 16421 90
2 Tree 12382 16947 90
2 Tree 12910 17593 90
2 Tree 13466 17826 90
2 Tree 12646 15953 90
2 Tree 13379 16978 90
2 Tree 13290 15542 90
2 Tree 468 18938 90
2 Tree 350 18208 90
2 Tree 321 17387 90
2 Tree 175 16421 90
2 Tree 146 15191 90
2 Tree 88 7903 90
2 Tree 585 7288 90
2 Tree 907 6409 90
2 Tree 1434 5736 90
2 Tree 321 6058 90
2 Tree 350 5239 90
2 Tree 234 1492 90
2 Tree 468 495 90
2 Tree 5327 4917 90
2 Tree 9747 4564 90
2 Tree 10509 5150 90
2 Tree 11475 5765 90
2 Tree 12120 6321 90
2 Tree 12704 7112 90
2 Tree 13730 7697 90
2 Tree 7611 17036 90
2 Tree 7143 17884 90
2 Tree 6382 18441 90
2 Tree 5709 18967 90
2 Tree 5063 19553 90
2 Tree 24736 22042 90
2 Tree 23946 21456 90
2 Tree 23390 20812 90
2 Tree 24532 20666 90
2 Tree 23595 19788 90
2 Tree 24503 19495 90
2 Tree 24620 18324 90
2 Tree 23975 18587 90
2 Tree 24649 17182 90
2 Tree 24765 7785 90
2 Tree 24532 6438 90
2 Tree 23566 5677 90
2 Tree 23009 4711 90
2 Tree 22394 3628 90
2 Tree 22072 2486 90
2 Tree 21341 1915 90
2 Tree 20732 658 90
2 Tree 22030 780 90
2 Tree 22638 1915 90
2 Tree 23936 7106 90
2 Tree 24665 3293 90
2 Tree 24422 2159 90
2 Tree 24056 1146 90
2 Tree 23651 335 90
20 OfficeBuilding 12141 12198 90
20 OfficeBuilding 13249 13187 90
20 OfficeBuilding 10732 11269 90
20 OfficeBuilding 9324 10192 90
20 OfficeBuilding 7647 9352 90
20 OfficeBuilding 6327 8304 90
20 OfficeBuilding 5488 7404 90
20 OfficeBuilding 2823 16184 90
20 OfficeBuilding 3062 15105 90
20 OfficeBuilding 2642 14296 90
20 OfficeBuilding 1414 15824 90
20 OfficeBuilding 1324 14866 90
20 OfficeBuilding 3482 22775 90
20 OfficeBuilding 2582 21577 90
20 OfficeBuilding 4080 21366 90
20 OfficeBuilding 15047 16093 90
20 OfficeBuilding 16694 17202 90
20 OfficeBuilding 18043 18221 90
20 OfficeBuilding 19450 19060 90
20 OfficeBuilding 16994 3540 90
20 OfficeBuilding 18582 6027 90
20 OfficeBuilding 17803 11660 90
20 OfficeBuilding 15706 10790 90
20 OfficeBuilding 17353 12948 90
20 OfficeBuilding 19511 14296 90
20 OfficeBuilding 4591 13398 90
20 OfficeBuilding 2462 9951 90
20 OfficeBuilding 1714 11390 90
20 OfficeBuilding 12770 14625 90
20 OfficeBuilding 1444 13427 90
20 OfficeBuilding 21549 10851 90
20 OfficeBuilding 18012 7795 90
55 Warehouse 18971 2161 90
20 OfficeBuilding 19413 4206 90
20 OfficeBuilding 20203 5272 90
20 OfficeBuilding 21111 6890 90
20 OfficeBuilding 7049 10723 90