54 Swingset 19115 6585 90
13 Table 18647 6292 90
51 Slide 19262 6145 90
54 Swingset 19262 5707 90
29 FireHydrant 16598 7550 90
48 Rotunda 18354 5619 90
2 Tree 17301 6556 90
2 Tree 18179 7581 90
2 Tree 19437 7903 90
2 Tree 20112 5619 90
2 Tree 20463 4389 90
2 Tree 20902 3335 90
2 Tree 17741 4331 90
2 Tree 19613 3803 90
2 Tree 18764 4770 90
2 Tree 17301 7375 90
2 Tree 18678 8254 90
2 Tree 19790 2575 90
2 Tree 20989 2251 90
2 Tree 20842 1257 90
2 Tree 19994 1110 90
2 Tree 19350 964 90
2 Tree 3336 6351 90
2 Tree 4450 6702 90
2 Tree 5591 6087 90
2 Tree 2459 5385 90
2 Tree 6235 4886 90
2 Tree 2284 3863 90
2 Tree 6147 3394 90
2 Tree 2752 2457 90
2 Tree 5327 2018 90
2 Tree 3907 1569 90
2 Tree 4124 4059 90
2 Tree 3330 5213 90
2 Tree 4810 5033 90
2 Tree 3330 3158 90
2 Tree 4701 2759 90
2 Tree 7010 19897 90
2 Tree 8343 20077 90
2 Tree 8126 19151 90
2 Tree 7608 19914 90
2 Tree 21533 23265 90
2 Tree 22869 24001 90
2 Tree 22296 21085 90
2 Tree 23633 21712 90
2 Tree 23197 23156 90
2 Tree 21889 22476 90
2 Tree 23387 22393 90
2 Tree 22160 21821 90
2 Tree 15549 24550 90
2 Tree 16557 24406 90
2 Tree 17423 24464 90
2 Tree 15549 23800 90
2 Tree 15549 22907 90
2 Tree 16356 23513 90
2 Tree 17163 24089 90
28 StopSign 17250 15439 90
28 StopSign 17855 15756 90
28 StopSign 16240 18207 90
28 StopSign 16673 18438 90
26 TrafficLight 18979 13132 90
26 TrafficLight 19412 12354 90
26 TrafficLight 6524 23109 90
26 TrafficLight 6149 19361 90
26 TrafficLight 15173 22042 90
26 TrafficLight 14742 21436 90
26 TrafficLight 12002 23253 90
26 TrafficLight 12002 22330 90
26 TrafficLight 10590 22733 90
26 TrafficLight 9263 23627 90
26 TrafficLight 9206 22877 90
26 TrafficLight 3497 24464 90
26 TrafficLight 3294 23686 90
26 TrafficLight 5688 15640 90
26 TrafficLight 5342 12268 90
26 TrafficLight 3006 19908 90
26 TrafficLight 2632 16016 90
26 TrafficLight 6841 11864 90
28 StopSign 8600 10826 90
28 StopSign 10935 4512 90
28 StopSign 10013 7684 90
28 StopSign 9551 418 90
28 StopSign 11224 2205 90
26 TrafficLight 12838 5406 90
26 TrafficLight 16211 7424 90
26 TrafficLight 15059 10393 90
28 StopSign 13848 13565 90
26 TrafficLight 12694 16449 90
26 TrafficLight 10129 17977 90
26 TrafficLight 8714 18351 90
26 TrafficLight 7158 15238 90
26 TrafficLight 8312 15151 90
26 TrafficLight 3784 15785 90
26 TrafficLight 11541 8952 90
26 TrafficLight 17163 4137 90
26 TrafficLight 22440 2465 90
26 TrafficLight 21056 6617 90
26 TrafficLight 22930 7511 90
26 TrafficLight 20680 12903 90
26 TrafficLight 20652 17516 90
26 TrafficLight 24717 16852 90
26 TrafficLight 23765 19534 90
10 Building 17213 10449 90
10 Building 16598 12616 90
10 Building 15486 15602 90
20 Building 14607 7814 90
20 Building 13876 9952 90
20 Building 12500 11708 90
20 OfficeBuilding 13261 12616 90
20 OfficeBuilding 13759 11591 90
10 Building 17037 2018 90
20 Building 15837 4682 90
20 Building 12646 3219 90
10 Building 8870 7024 90
20 Building 10831 11182 90
20 OfficeBuilding 9543 10596 90
20 OfficeBuilding 11095 9923 90
20 OfficeBuilding 10655 8283 90
20 OfficeBuilding 12266 7404 90
20 OfficeBuilding 10890 7082 90
20 Building 9689 12703 90
20 Building 12266 13932 90
20 Building 12764 17562 90
20 Building 7405 16450 90
20 Building 3835 16743 90
20 Building 4186 18909 90
20 OfficeBuilding 11973 15280 90
10 Building 9250 4946 90
20 Building 7552 18237 90
20 OfficeBuilding 9163 15542 90
20 OfficeBuilding 9075 16656 90
20 OfficeBuilding 9221 17680 90
20 OfficeBuilding 7318 14547 90
20 OfficeBuilding 9104 14314 90
20 OfficeBuilding 9250 13669 90
20 Building 11241 16479 90
20 OfficeBuilding 12324 4653 90
20 OfficeBuilding 14784 846 90
20 OfficeBuilding 14373 13055 90
20 OfficeBuilding 13379 18499 90
20 OfficeBuilding 12031 18821 90
20 OfficeBuilding 12149 19788 90
20 OfficeBuilding 13261 19378 90
20 Building 3658 14869 90
20 OfficeBuilding 3835 13699 90
20 OfficeBuilding 3864 12909 90
20 OfficeBuilding 1200 15631 90
20 OfficeBuilding 1229 14782 90
20 OfficeBuilding 614 19671 90
20 OfficeBuilding 526 18821 90
20 OfficeBuilding 439 17944 90
20 OfficeBuilding 497 21047 90
20 OfficeBuilding 819 22042 90
20 OfficeBuilding 643 23243 90
20 OfficeBuilding 10538 18587 90
20 OfficeBuilding 10802 19611 90
20 OfficeBuilding 10977 20608 90
20 OfficeBuilding 12266 21076 90
20 OfficeBuilding 10948 21691 90
20 OfficeBuilding 10948 23711 90
20 OfficeBuilding 7347 13669 90
20 OfficeBuilding 7405 12703 90
20 OfficeBuilding 9807 24384 90
20 OfficeBuilding 11153 24648 90
20 OfficeBuilding 12558 23535 90
20 OfficeBuilding 12675 24559 90
11 Bus 19643 9688 90
11 Bus 16949 17036 90
11 Bus 22365 964 90
11 Bus 21721 4740 90
29 FireHydrant 18150 11854 90
29 FireHydrant 5854 12030 90
29 FireHydrant 14578 17739 90
20 OfficeBuilding 2078 20841 90
20 OfficeBuilding 2224 21602 90
20 OfficeBuilding 2020 23183 90
36 Apartment 4333 20841 90
36 Apartment 4595 22657 90
36 Apartment 7582 20403 90
36 Apartment 7698 22277 90
36 Apartment 9543 21837 90
36 Apartment 9338 20051 90
20 OfficeBuilding 6147 12762 90
20 OfficeBuilding 6089 13669 90
20 OfficeBuilding 6118 14636 90
36 Apartment 379 13464 90
9 Car 15106 18529 90
9 Car 15399 18676 90
9 Car 14637 19114 90
9 Car 15042 19295 90
9 Car 15434 19473 90
9 Car 14402 19900 90
9 Car 14793 20007 90
9 Car 15184 20292 90
9 Car 15718 18798 90
9 Car 14118 20487 90
9 Car 14473 20736 90
9 Car 14954 20914 90
9 Car 13523 20802 90
9 Car 13895 21127 90
9 Car 14337 21453 90
9 Car 13570 21779 90
9 Car 8500 9081 90
9 Car 8137 8854 90
9 Car 7584 8588 90
9 Car 8802 8577 90
9 Car 8414 8300 90
9 Car 7861 8067 90
9 Car 9046 8023 90
9 Car 7219 8167 90
9 Car 8248 10027 90
9 Car 7883 10459 90
9 Car 7418 10758 90
9 Car 7806 9728 90
9 Car 7318 10160 90
9 Car 7241 9473 90
9 Car 6942 10691 90
9 Car 6820 10005 90
9 Car 6720 9407 90
9 Car 6389 10735 90
9 Car 6233 10116 90
9 Car 6167 9462 90
9 Car 5923 10869 90
9 Car 5713 10148 90
9 Car 5668 9573 90
20 OfficeBuilding 862 9640 90
20 OfficeBuilding 497 8477 90
20 Building 3530 9086 90
20 Building 2301 7757 90
20 OfficeBuilding 2035 8920 90
9 Car 4106 11345 90
9 Car 4073 10702 90
9 Car 4017 10027 90
9 Car 3497 10148 90
9 Car 2999 10436 90
9 Car 2501 10503 90
9 Car 3486 10758 90
9 Car 3486 11455 90
9 Car 2977 10979 90
9 Car 2977 11599 90
9 Car 2467 11101 90
9 Car 2467 11676 90
9 Car 1980 10481 90
9 Car 1914 11090 90
9 Car 1958 11621 90
9 Car 1537 10237 90
9 Car 1571 11112 90
9 Car 1061 10824 90
9 Car 1700 6589 90
9 Car 1209 6580 90
9 Car 658 6647 90
9 Car 1275 5883 90
9 Car 868 5793 90
9 Car 387 5771 90
9 Car 1175 4975 90
9 Car 724 4913 90
9 Car 317 4824 90
9 Car 1038 4140 90
9 Car 633 4073 90
9 Car 213 4078 90
20 OfficeBuilding 690 3308 90
9 Car 9094 3185 90
9 Car 9544 3141 90
9 Car 9936 3198 90
9 Car 10381 3213 90
9 Car 8889 2464 90
9 Car 9528 2257 90
9 Car 9971 2354 90
9 Car 8909 1587 90
9 Car 8603 3175 90
9 Car 9415 1524 90
20 Building 11767 788 90
9 Car 8489 378 90
9 Car 8042 726 90
9 Car 7623 992 90
9 Car 7128 1336 90
9 Car 6747 1754 90
9 Car 6441 1183 90
9 Car 6860 764 90
9 Car 7432 422 90
9 Car 5984 726 90
9 Car 6441 422 90
9 Car 5412 422 90
20 OfficeBuilding 7585 24578 90
20 OfficeBuilding 5069 24921 90
20 OfficeBuilding 16730 535 90
20 OfficeBuilding 18177 650 90
20 OfficeBuilding 18368 3280 90
19 Bench 17262 6669 90
19 Bench 18481 7470 90
19 Bench 20807 3202 90
19 Bench 16082 17871 90
19 Bench 13795 13566 90
19 Bench 14557 11815 90
19 Bench 15607 8794 90
0 Person 13891 13543 90
0 Person 15284 11156 90
0 Person 16826 11479 90
0 Person 14464 12200 90
0 Person 14439 13865 90
0 Person 11779 12697 90
0 Person 10809 14985 90
0 Person 12575 16178 90
0 Person 13966 17570 90
0 Person 13991 14438 90
0 Person 13271 16203 90
0 Person 13768 15631 90
0 Person 13246 15656 90
0 Person 13644 15059 90
0 Person 13668 16252 90
0 Person 13867 16725 90
0 Person 14340 17023 90
0 Person 14662 14661 90
0 Person 15035 17223 90
0 Person 14911 16750 90
0 Person 15482 17521 90
0 Person 15359 16849 90
0 Person 16031 17645 90
0 Person 16055 17123 90
0 Person 16031 16774 90
0 Person 15607 13990 90
0 Person 16180 14165 90
0 Person 16553 14314 90
0 Person 16975 14736 90
0 Person 17348 13816 90
0 Person 17124 14214 90
0 Person 16453 13792 90
0 Person 14986 12176 90
0 Person 15707 11529 90
0 Person 15060 11603 90
0 Person 15333 13543 90
0 Person 16378 11603 90
0 Person 15931 9490 90
0 Person 16651 9341 90
0 Person 17224 9316 90
0 Person 17895 9292 90
0 Person 16155 8843 90
0 Person 16651 8819 90
0 Person 17149 8918 90
0 Person 16627 8247 90
0 Person 13122 11131 90
0 Person 13742 11032 90
0 Person 13444 12051 90
0 Person 11356 12847 90
0 Person 10486 15656 90
0 Person 12226 16401 90
0 Person 11207 17321 90
0 Person 10162 16674 90
0 Person 10462 17470 90
0 Person 10462 16750 90
0 Person 13438 8747 90
0 Person 14215 8587 90
0 Person 14751 8559 90
0 Person 12581 10757 90
0 Person 8615 11694 90
0 Person 9204 11560 90
0 Person 9580 11722 90
0 Person 9954 15258 90
0 Person 10330 15847 90
0 Person 9446 16142 90
0 Person 8802 16036 90
0 Person 15314 6202 90
0 Person 14911 6068 90
0 Person 15206 5612 90
20 Building 1085 17027 90
0 Person 11964 11025 90
20 Building 20405 11269 28
20 Building 19496 15104 28
20 Building 21777 8340 28
20 Building 23388 5268 28
44 GasStation 16773 21749 29
20 Building 17534 18763 29
16 House 17886 22803 90
16 House 18238 21837 90
16 House 18443 20695 90
16 House 19204 19495 90
16 House 19701 18266 90
16 House 20316 16625 90
16 House 21018 15397 90
16 House 21839 12849 90
16 House 22101 11679 90
16 House 22365 10185 90
16 House 23127 9073 90
16 House 24268 5970 90
16 House 19175 23447 90
16 House 20170 24004 90
16 House 19613 22159 90
16 House 20609 22539 90
16 House 21077 24472 90
16 House 18735 24735 90
16 House 23859 24530 90
16 House 24503 23096 90
16 House 20023 21369 90
16 House 21195 21602 90
16 House 20374 20022 90
16 House 21486 20403 90
16 House 20873 18821 90
16 House 21810 19407 90
16 House 22776 19729 90
16 House 24356 20608 90
16 House 24532 21749 90
16 House 21692 17271 90
16 House 22394 17973 90
16 House 23448 18412 90
16 House 24590 19027 90
16 House 21955 15866 90
16 House 22747 16714 90
16 House 23828 17153 90
16 House 22776 13260 90
16 House 23595 13699 90
16 House 24474 14401 90
16 House 22922 11854 90
16 House 23683 12381 90
16 House 24443 12909 90
16 House 23712 11093 90
16 House 24765 11619 90
16 House 24414 9659 90
16 House 24327 10596 90
16 House 24590 8371 90
25 Cat 19057 22686 90
25 Cat 21106 19553 90
25 Cat 23770 23622 90
25 Cat 18999 17475 90
25 Cat 21195 16685 90
25 Cat 22658 12527 90
16 House 24063 6995 90
25 Cat 22454 16011 90
25 Cat 23069 10303 90
25 Cat 24121 13582 90